% gnssrefl, https://github.com/kristinemlarson 
% Phase Center corrections have NOT been applied 
% year, doy, RH, sat,UTCtime, Azim, Amp,  eminO, emaxO,NumbOf,freq,rise,EdotF, PkNoise  DelT     MJD   refr-appl
% (1)  (2)   (3) (4)  (5)     (6)   (7)    (8)    (9)   (10)  (11) (12) (13)    (14)     (15)    (16)   (17)
%             m        hrs    deg   v/v    deg    deg  values               hrs            min         1 is yes  
 2019 102  2.450   1 14.271  48.09  20.70   5.02  24.88  100   1  1  0.64112   6.01   49.50 58585.594618 1 
 2019 102  2.340   1 18.000 130.24  20.18   5.07  24.95   99   1 -1 -0.63730   5.12   49.00 58585.750000 1 
 2019 102  2.317   1  3.038 223.80  22.82   5.17  24.96  102   1  1  0.66315   4.65   50.50 58585.126563 1 
 2019 102  2.520   1  6.650 304.39   6.89   5.12  24.96   99   1 -1 -0.64042   3.47   49.00 58585.277083 1 
 2019 102  2.450   2 22.512  69.14  23.42   5.05  24.81   94   1 -1 -0.59904   5.24   46.50 58585.938009 1 
 2019 102  2.297   2  7.404 169.31  19.11   5.01  24.92  120   1  1  0.79141   5.41   59.50 58585.308507 1 
 2019 102  2.255   2 10.004 232.51  18.63   5.02  24.96  122   1 -1 -0.80432   3.57   60.50 58585.416829 1 
 2019 102  2.335   2 18.354 335.66  11.68   5.59  24.90   90   1  1  0.60003   4.01   44.50 58585.764757 1 
 2019 102  2.600   3 16.512  82.44  22.38   5.15  24.97  108   1  1  0.70627   5.14   53.50 58585.688009 1 
 2019 102  2.325   3 19.733 155.65  24.62   5.18  24.94  107   1 -1 -0.70283   5.07   53.00 58585.822222 1 
 2019 102  2.290   3  4.776 251.32  24.83   5.05  24.94   96   1  1  0.63234   3.65   48.50 58585.198970 1 
 2019 102  2.325   3  8.746 338.27   7.19   5.06  24.95   96   1 -1 -0.61404   3.73   47.50 58585.364410 1 
 2019 102  2.377   5 20.442   8.22  23.04   5.04  24.92   97   1  1  0.61937   4.54   48.00 58585.851725 1 
 2019 102  2.470   5  0.633  96.17  23.16   5.03  24.92   97   1 -1 -0.61941   4.39   48.00 58585.026389 1 
 2019 102  2.640   6 21.429  87.39  17.73   5.15  24.87   94   1 -1 -0.60526   4.47   46.50 58585.892882 1 
 2019 102  2.335   7 13.892  25.21  22.90   5.20  24.93   95   1 -1 -0.61292   5.38   47.00 58585.578819 1 
 2019 102  2.300   7 22.163 129.54  27.98   5.17  24.94  120   1  1  0.80208   4.37   59.50 58585.923438 1 
 2019 102  2.275   7  0.875 192.05  27.34   5.16  24.98  123   1 -1 -0.82054   3.97   61.00 58585.036458 1 
 2019 102  2.440   7  9.629 292.77  22.47   5.08  24.82   92   1  1  0.58865   4.10   45.50 58585.401204 1 
 2019 102  2.375   8 11.442  25.97  16.29   5.01  24.95   97   1  1  0.61806   5.93   48.00 58585.476725 1 
 2019 102  2.415   8 15.371 112.79  21.58   5.12  24.91   96   1 -1 -0.61829   5.59   47.50 58585.640451 1 
 2019 102  2.485   8  0.425 207.20  29.31   5.47  24.78  103   1  1  0.69283   5.59   51.00 58585.017708 1 
 2019 102  2.390   9 22.938 163.54  21.88   5.21  24.94  112   1 -1 -0.74151   6.19   55.50 58585.955729 1 
 2019 102  2.342   9  7.953 261.14  28.03   5.13  24.93   96   1  1  0.62814   4.81   48.00 58585.331377 1 
 2019 102  2.432  10  5.188  35.41  37.78   5.11  24.88   94   1 -1 -0.60233   6.47   46.50 58585.216146 1 
 2019 102  2.327  10 13.521 139.05  17.92   5.00  24.91  122   1  1  0.80524   4.24   60.50 58585.563368 1 
 2019 102  2.562  10 16.183 201.06  23.24   5.14  24.99  123   1 -1 -0.81992   4.56   61.00 58585.674306 1 
 2019 102  2.420  10  0.842 302.83   9.89   5.06  24.85   93   1  1  0.59406   3.82   46.00 58585.035069 1 
 2019 102  2.482  11 13.300  37.32  34.33   5.14  24.88  103   1  1  0.66888   6.85   51.00 58585.554167 1 
 2019 102  2.395  11 17.125 116.92  20.66   5.05  24.92  107   1 -1 -0.68981   4.76   53.00 58585.713542 1 
 2019 102  2.305  11  2.233 217.66  29.74   5.15  24.93  113   1  1  0.74265   5.88   56.00 58585.093056 1 
 2019 102  2.347  11  5.588 288.61  10.53   5.14  24.87  114   1 -1 -0.74759   3.10   56.50 58585.232812 1 
 2019 102  2.250  12 16.609 255.08  32.80   5.16  24.83   94   1  1  0.62566   4.64   47.50 58585.692025 1 
 2019 102  2.430  13 22.883  44.92  17.52   5.02  24.86   99   1  1  0.63412   4.08   49.00 58585.953461 1 
 2019 102  2.350  13  2.688 127.55  23.49   5.11  25.00  100   1 -1 -0.64497   4.80   49.50 58585.111979 1 
 2019 102  2.312  13 11.679 221.62  25.88   5.08  24.87  102   1  1  0.65977   5.92   50.50 58585.486632 1 
 2019 102  2.400  13 15.233 301.06  13.67   5.19  24.97  101   1 -1 -0.65790   4.89   50.00 58585.634711 1 
 2019 102  2.445  14  7.912  58.08  23.86   5.09  24.85   94   1 -1 -0.60110   5.41   46.50 58585.329676 1 
 2019 102  2.352  14 16.550 159.46  21.45   5.02  24.89  121   1  1  0.80035   6.05   60.00 58585.689583 1 
 2019 102  2.455  14 19.171 221.79  12.12   5.10  24.89  122   1 -1 -0.81134   3.03   60.50 58585.798785 1 
 2019 102  2.400  14  3.633 324.74  11.71   5.03  24.99   93   1  1  0.59055   4.25   46.00 58585.151389 1 
 2019 102  2.470  15  3.600 104.66  41.90   5.10  24.91   99   1 -1 -0.63780   5.59   49.00 58585.150000 1 
 2019 102  2.535  15 12.600 204.07  33.07   5.02  24.92  117   1  1  0.76331   5.04   58.00 58585.524988 1 
 2019 102  2.357  16  8.600  12.18  18.04   5.06  24.83   95   1  1  0.60779   4.91   47.00 58585.358322 1 
 2019 102  2.445  16 12.746 101.19  22.32   5.06  24.90   94   1 -1 -0.60177   5.35   46.50 58585.531076 1 
 2019 102  2.455  17 19.029  69.31  30.83   5.17  24.85   92   1 -1 -0.59208   5.08   45.50 58585.792870 1 
 2019 102  2.325  17  3.804 167.10  29.84   5.00  24.96  114   1  1  0.74553   5.61   56.50 58585.158507 1 
 2019 102  2.242  17  6.554 233.61  25.35   5.17  24.95  114   1 -1 -0.75536   3.96   56.50 58585.273079 1 
 2019 102  2.337  17 14.783 334.90  18.65   5.03  24.80   91   1  1  0.57868   4.47   45.00 58585.615961 1 
 2019 102  2.445  18 13.488  60.01  19.89   5.08  24.82  104   1  1  0.67389   4.81   51.50 58585.561979 1 
 2019 102  2.325  18 17.092 137.33  19.12   5.05  24.93  105   1 -1 -0.67853   3.99   52.00 58585.712141 1 
 2019 102  2.245  18  2.108 233.50  18.19   5.14  24.93  103   1  1  0.66822   4.20   51.00 58585.087847 1 
 2019 102  2.430  18  5.888 314.11  15.12   5.14  24.87  100   1 -1 -0.64846   4.39   49.50 58585.245313 1 
 2019 102  2.430  19 19.908  59.48  24.39   5.14  24.91   93   1 -1 -0.59803   5.22   46.00 58585.829514 1 
 2019 102  2.355  19  4.463 160.14  24.47   5.15  24.93  118   1  1  0.78467   5.36   58.50 58585.185937 1 
 2019 102  2.660  19  7.279 224.10  11.63   5.09  24.96  118   1 -1 -0.78042   2.74   58.50 58585.303299 1 
 2019 102  2.345  19 15.467 327.24  11.77   5.14  24.94   93   1  1  0.59749   5.07   46.00 58585.644444 1 
 2019 102  2.437  20  4.242  41.78  27.76   5.06  24.97   97   1 -1 -0.61905   5.78   48.00 58585.176725 1 
 2019 102  2.320  20 12.729 148.40  19.44   5.05  24.94  134   1  1  0.89896   4.35   66.50 58585.530370 1 
 2019 102  2.605  20 15.238 205.24  21.00   5.16  24.91  134   1 -1 -0.90722   5.77   66.50 58585.634896 1 
 2019 102  2.360  21  2.283  15.08  21.41   5.02  24.85   93   1 -1 -0.59094   5.31   46.00 58585.095127 1 
 2019 102  2.422  21 10.567 118.19  20.22   5.16  24.86  119   1  1  0.79192   4.39   59.00 58585.440266 1 
 2019 102  2.187  21 22.146 281.91  11.18   5.07  24.83   94   1  1  0.60005   3.43   46.50 58585.922731 1 
 2019 102  2.380  23 10.963   6.30  16.73   5.10  24.83   96   1 -1 -0.61571   4.35   47.50 58585.456771 1 
 2019 102  2.420  23 19.062 111.27  26.89   5.05  24.89  118   1  1  0.77770   4.57   58.50 58585.794271 1 
 2019 102  2.235  23  6.829 275.68  13.23   5.04  24.86   94   1  1  0.59995   3.54   46.50 58585.284549 1 
 2019 102  2.465  24  2.000  51.41  19.31   5.01  24.92  105   1  1  0.67380   5.36   52.00 58585.083333 1 
 2019 102  2.347  24  5.625 130.49  16.33   5.02  24.91  103   1 -1 -0.66313   4.52   51.00 58585.234375 1 
 2019 102  2.322  24 14.675 227.23  20.07   5.12  24.82  105   1  1  0.68256   4.55   52.00 58585.611458 1 
 2019 102  2.310  24 18.242 305.76   6.34   5.13  25.00  103   1 -1 -0.66794   3.68   51.00 58585.760069 1 
 2019 102  2.450  25  5.304  67.05  15.65   5.06  24.90  104   1  1  0.67217   5.38   51.50 58585.220995 1 
 2019 102  2.325  25  8.787 144.42  23.68   5.19  24.86  102   1 -1 -0.66769   5.13   50.50 58585.366134 1 
 2019 102  2.262  25 17.742 238.75  21.06   5.16  24.81   99   1  1  0.64226   3.83   49.00 58585.739236 1 
 2019 102  2.402  25 21.592 322.99   9.03   5.04  24.97   97   1 -1 -0.62077   3.69   48.00 58585.899641 1 
 2019 102  2.377  26  7.683  21.91  20.97   5.02  24.92   96   1  1  0.62928   5.56   48.50 58585.320116 1 
 2019 102  2.430  26 11.642 108.19  18.37   5.18  24.92   97   1 -1 -0.62846   4.85   48.00 58585.485069 1 
 2019 102  2.525  26 20.637 204.73  23.11   5.02  24.89  110   1  1  0.71428   5.76   54.50 58585.859884 1 
 2019 102  2.470  27 10.562  42.29  29.11   5.16  24.92   98   1  1  0.63414   5.82   48.50 58585.440104 1 
 2019 102  2.415  27 14.350 126.10  20.60   5.06  24.81   97   1 -1 -0.62437   4.37   48.00 58585.597905 1 
 2019 102  2.332  27 23.317 219.24  29.66   5.02  24.97  103   1  1  0.66165   5.89   51.00 58585.971516 1 
 2019 102  2.450  27  2.925 299.03  14.12   5.12  24.84   99   1 -1 -0.64190   5.64   49.00 58585.121863 1 
 2019 102  2.460  28 17.021  43.09  25.24   5.18  24.78   90   1 -1 -0.57972   5.94   44.50 58585.709190 1 
 2019 102  2.322  28  1.562 143.05  18.74   5.03  24.89  116   1  1  0.76261   4.27   57.50 58585.065104 1 
 2019 102  2.577  28  4.208 208.25  23.32   5.07  24.88  115   1 -1 -0.75896   5.55   57.00 58585.175336 1 
 2019 102  2.385  28 12.787 307.56   6.35   5.39  24.81   90   1  1  0.59016   3.41   44.50 58585.532801 1 
 2019 102  2.322  29 23.608   1.52  10.52   5.22  24.73   91   1 -1 -0.59064   3.77   45.00 58585.983681 1 
 2019 102  2.455  29  7.571 104.39  31.32   5.06  24.91  110   1  1  0.71836   5.43   54.50 58585.315451 1 
 2019 102  2.412  29 19.392 270.21  17.40   5.19  24.74   93   1  1  0.60219   4.14   46.00 58585.807975 1 
 2019 102  2.380  30 14.971   9.60  23.16   5.18  25.00   96   1 -1 -0.61863   5.78   47.50 58585.623773 1 
 2019 102  2.600  31  9.604  86.46  24.05   5.12  24.98   94   1 -1 -0.60330   4.25   46.50 58585.400162 1 
 2019 102  2.407  32  7.367  61.00  25.88   5.08  24.93   95   1 -1 -0.60736   5.04   47.00 58585.306933 1 
 2019 102  2.355  32 16.000 162.95  25.99   5.01  24.92  123   1  1  0.81323   5.66   61.00 58585.666667 1 
 2019 102  2.657  32 18.663 224.69  13.30   5.02  24.93  124   1 -1 -0.81933   3.15   61.50 58585.777604 1 
 2019 102  2.325  32  3.042 328.82  14.94   5.19  24.96   93   1  1  0.59963   5.15   46.00 58585.126725 1 
 2019 102  2.485   1 14.271  48.09  26.42   5.02  24.88  100  20  1  0.64112   5.59   49.50 58585.594618 1 
 2019 102  2.445   1 17.988 130.19  20.09   5.07  24.95   96  20 -1 -0.65023   4.97   49.00 58585.749479 1 
 2019 102  2.340   1  3.042 223.82  20.94   5.17  24.96  101  20  1  0.66742   3.60   50.50 58585.126725 1 
 2019 102  2.360   1  6.650 304.39  12.84   5.12  24.96   99  20 -1 -0.64042   4.65   49.00 58585.277083 1 
 2019 102  2.660   3 16.512  82.44  27.55   5.15  24.97  108  20  1  0.70627   4.21   53.50 58585.688009 1 
 2019 102  2.352   3 19.733 155.65  26.84   5.18  24.94  107  20 -1 -0.70283   5.01   53.00 58585.822222 1 
 2019 102  2.340   3  4.776 251.32  17.59   5.05  24.94   96  20  1  0.63234   4.67   48.50 58585.198970 1 
 2019 102  2.405   3  8.746 338.27   7.29   5.06  24.95   96  20 -1 -0.61404   3.97   47.50 58585.364410 1 
 2019 102  2.380   5 20.442   8.22  11.85   5.04  24.92   97  20  1  0.61937   5.10   48.00 58585.851725 1 
 2019 102  2.590   5  0.633  96.17  16.36   5.03  24.92   97  20 -1 -0.61941   4.58   48.00 58585.026389 1 
 2019 102  2.720   6 21.429  87.39  22.09   5.15  24.87   94  20 -1 -0.60526   4.80   46.50 58585.892882 1 
 2019 102  2.402   7 13.890  25.21  19.73   5.20  24.93   94  20 -1 -0.61526   5.08   47.00 58585.578727 1 
 2019 102  2.415   7 22.163 129.54  17.37   5.17  24.94  120  20  1  0.80208   4.58   59.50 58585.923438 1 
 2019 102  2.275   7  0.875 192.05  20.39   5.16  24.98  123  20 -1 -0.82054   5.64   61.00 58585.036458 1 
 2019 102  2.357   7  9.629 292.77  15.54   5.08  24.82   92  20  1  0.58865   4.07   45.50 58585.401204 1 
 2019 102  2.422   8 11.442  25.97  25.31   5.01  24.95   97  20  1  0.61806   5.00   48.00 58585.476725 1 
 2019 102  2.422   8 15.371 112.79  24.98   5.12  24.91   96  20 -1 -0.61829   5.13   47.50 58585.640451 1 
 2019 102  2.280   8  0.425 207.20  20.71   5.47  24.78  103  20  1  0.69283   4.74   51.00 58585.017708 1 
 2019 102  2.217   8  3.704 282.53  15.22   5.19  24.93  104  20 -1 -0.68078   2.82   51.50 58585.154340 1 
 2019 102  2.337   9 22.938 163.54  30.90   5.21  24.94  112  20 -1 -0.74151   5.45   55.50 58585.955729 1 
 2019 102  2.172   9  7.953 261.14  10.47   5.13  24.93   96  20  1  0.62814   3.97   48.00 58585.331377 1 
 2019 102  2.275   9 12.029 349.20   6.93   5.02  24.89   96  20 -1 -0.61230   3.66   47.50 58585.501215 1 
 2019 102  2.435  10  5.188  35.41  19.26   5.11  24.88   94  20 -1 -0.60233   5.57   46.50 58585.216146 1 
 2019 102  2.327  10 13.525 139.11  22.23   5.00  24.91  121  20  1  0.81034   4.62   60.50 58585.563530 1 
 2019 102  2.260  10 16.183 201.06  24.77   5.14  24.99  123  20 -1 -0.81992   4.48   61.00 58585.674306 1 
 2019 102  2.460  10  0.842 302.83  12.69   5.06  24.85   93  20  1  0.59406   4.76   46.00 58585.035069 1 
 2019 102  2.495  15  3.600 104.66  12.34   5.10  24.91   99  20 -1 -0.63780   3.73   49.00 58585.150000 1 
 2019 102  2.407  17 19.029  69.31  16.45   5.17  24.85   92  20 -1 -0.59208   4.61   45.50 58585.792870 1 
 2019 102  2.292  17  3.804 167.10  19.70   5.00  24.96  114  20  1  0.74553   4.46   56.50 58585.158507 1 
 2019 102  2.420  17  6.546 233.50  23.12   5.17  24.95  112  20 -1 -0.76475   4.86   56.50 58585.272766 1 
 2019 102  2.370  17 14.783 334.90   9.45   5.03  24.80   91  20  1  0.57868   3.93   45.00 58585.615961 1 
 2019 102  3.040  23 19.062 111.27   8.16   5.05  24.89  118  20  1  0.77770   3.33   58.50 58585.794271 1 
 2019 102  2.465  24  2.000  51.41  27.13   5.01  24.92  105  20  1  0.67380   5.07   52.00 58585.083333 1 
 2019 102  2.450  24  5.621 130.47  24.03   5.02  24.91  102  20 -1 -0.66745   4.83   51.00 58585.234201 1 
 2019 102  2.335  24 14.679 227.25  27.00   5.12  24.82  104  20  1  0.68689   4.75   52.00 58585.611620 1 
 2019 102  2.465  24 18.242 305.76  15.91   5.13  25.00  103  20 -1 -0.66794   4.95   51.00 58585.760069 1 
 2019 102  2.482  25  5.304  67.05  19.63   5.06  24.90  104  20  1  0.67217   4.80   51.50 58585.220995 1 
 2019 102  2.330  25  8.783 144.40  18.62   5.39  24.86  101  20 -1 -0.67226   4.37   50.00 58585.365961 1 
 2019 102  2.365  25 17.745 238.76  26.27   5.16  24.81   98  20  1  0.64618   5.05   49.00 58585.739387 1 
 2019 102  2.390  25 21.592 322.99  11.06   5.04  24.97   97  20 -1 -0.62077   3.67   48.00 58585.899641 1 
 2019 102  2.412  26  7.683  21.91  19.58   5.02  24.92   96  20  1  0.62928   5.08   48.50 58585.320116 1 
 2019 102  2.457  26 11.642 108.19  31.40   5.18  24.92   97  20 -1 -0.62846   5.07   48.00 58585.485069 1 
 2019 102  2.295  26 20.637 204.73  15.83   5.02  24.89  110  20  1  0.71428   4.71   54.50 58585.859884 1 
 2019 102  2.430  27 10.562  42.29  28.99   5.16  24.92   98  20  1  0.63414   5.67   48.50 58585.440104 1 
 2019 102  2.432  27 14.350 126.10  27.87   5.06  24.81   97  20 -1 -0.62437   5.20   48.00 58585.597905 1 
 2019 102  2.500  29  7.571 104.39  23.92   5.06  24.91  110  20  1  0.71836   5.20   54.50 58585.315451 1 
 2019 102  2.245  29 19.392 270.21   9.46   5.19  24.74   93  20  1  0.60219   4.21   46.00 58585.807975 1 
 2019 102  2.440  30 14.971   9.60  13.69   5.18  25.00   96  20 -1 -0.61863   4.79   47.50 58585.623773 1 
 2019 102  2.680  31  9.604  86.46  19.50   5.12  24.98   94  20 -1 -0.60330   5.14   46.50 58585.400162 1 
 2019 102  2.457  32  7.367  61.00  13.70   5.08  24.93   95  20 -1 -0.60736   4.70   47.00 58585.306933 1 
 2019 102  2.290  32 16.000 162.95  22.81   5.01  24.92  123  20  1  0.81323   4.26   61.00 58585.666667 1 
 2019 102  2.392  32 18.659 224.64  20.83   5.02  24.93  123  20 -1 -0.82432   4.16   61.50 58585.777431 1 
 2019 102  2.440  32  3.042 328.82  16.23   5.19  24.96   93  20  1  0.59963   4.78   46.00 58585.126725 1 
 2019 102  2.490   1 14.271  48.09  51.17   5.02  24.88  100   5  1  0.64112   5.76   49.50 58585.594618 1 
 2019 102  2.460   1 18.000 130.24  51.61   5.07  24.95   99   5 -1 -0.63730   5.41   49.00 58585.750000 1 
 2019 102  2.325   1  3.038 223.80  51.26   5.17  24.96  102   5  1  0.66315   3.97   50.50 58585.126563 1 
 2019 102  2.375   1  6.650 304.39  21.88   5.12  24.96   99   5 -1 -0.64042   4.38   49.00 58585.277083 1 
 2019 102  2.680   3 16.512  82.44  54.71   5.15  24.97  108   5  1  0.70627   5.19   53.50 58585.688009 1 
 2019 102  2.360   3 19.733 155.65  39.08   5.18  24.94  107   5 -1 -0.70283   4.75   53.00 58585.822222 1 
 2019 102  2.370   3  4.776 251.32  23.10   5.05  24.94   96   5  1  0.63234   4.80   48.50 58585.198970 1 
 2019 102  2.285   3  8.746 338.27   9.45   5.06  24.95   96   5 -1 -0.61404   3.11   47.50 58585.364410 1 
 2019 102  2.697   6 21.429  87.39  48.21   5.15  24.87   94   5 -1 -0.60526   4.90   46.50 58585.892882 1 
 2019 102  2.500   6 17.225 356.18  10.94   5.07  24.85   93   5  1  0.59451   3.34   46.00 58585.717708 1 
 2019 102  2.402   8 11.442  25.97  45.18   5.01  24.95   97   5  1  0.61806   5.11   48.00 58585.476725 1 
 2019 102  2.445   8 15.371 112.79  41.73   5.12  24.91   96   5 -1 -0.61829   4.75   47.50 58585.640451 1 
 2019 102  2.580   8  0.425 207.20  26.53   5.47  24.78  103   5  1  0.69283   3.83   51.00 58585.017708 1 
 2019 102  2.245   8  3.704 282.53  25.84   5.19  24.93  104   5 -1 -0.68078   2.98   51.50 58585.154340 1 
 2019 102  2.325   9 22.938 163.54  39.64   5.21  24.94  112   5 -1 -0.74151   5.16   55.50 58585.955729 1 
 2019 102  2.185   9  7.953 261.14  14.55   5.13  24.93   96   5  1  0.62814   3.31   48.00 58585.331377 1 
 2019 102  2.452   9 12.029 349.20  12.86   5.02  24.89   96   5 -1 -0.61230   3.61   47.50 58585.501215 1 
 2019 102  2.432  10  5.188  35.41  41.30   5.11  24.88   94   5 -1 -0.60233   5.88   46.50 58585.216146 1 
 2019 102  2.337  10 13.521 139.05  40.02   5.00  24.91  122   5  1  0.80524   4.64   60.50 58585.563368 1 
 2019 102  2.245  10 16.183 201.06  25.45   5.14  24.99  123   5 -1 -0.81992   3.59   61.00 58585.674306 1 
 2019 102  2.380  10  0.842 302.83  19.48   5.06  24.85   93   5  1  0.59406   4.77   46.00 58585.035069 1 
 2019 102  2.465  24  2.000  51.41  58.19   5.01  24.92  105   5  1  0.67380   5.16   52.00 58585.083333 1 
 2019 102  2.450  24  5.625 130.49  56.35   5.02  24.91  103   5 -1 -0.66313   5.50   51.00 58585.234375 1 
 2019 102  2.345  24 14.675 227.23  56.89   5.12  24.82  105   5  1  0.68256   4.77   52.00 58585.611458 1 
 2019 102  2.455  24 18.242 305.76  27.18   5.13  25.00  103   5 -1 -0.66794   4.44   51.00 58585.760069 1 
 2019 102  2.495  25  5.304  67.05  34.71   5.06  24.90  104   5  1  0.67217   5.70   51.50 58585.220995 1 
 2019 102  2.410  25  8.787 144.42  41.57   5.19  24.86  102   5 -1 -0.66769   5.17   50.50 58585.366134 1 
 2019 102  2.380  25 17.742 238.75  49.59   5.16  24.81   99   5  1  0.64226   5.60   49.00 58585.739236 1 
 2019 102  2.412  25 21.592 322.99  22.69   5.04  24.97   97   5 -1 -0.62077   4.21   48.00 58585.899641 1 
 2019 102  2.335  26  7.683  21.91  21.82   5.02  24.92   96   5  1  0.62928   3.66   48.50 58585.320116 1 
 2019 102  2.472  26 11.642 108.19  56.73   5.18  24.92   97   5 -1 -0.62846   5.38   48.00 58585.485069 1 
 2019 102  2.170  26 20.637 204.73  20.07   5.02  24.89  110   5  1  0.71428   3.59   54.50 58585.859884 1 
 2019 102  2.425  27 10.562  42.29  42.75   5.16  24.92   98   5  1  0.63414   5.48   48.50 58585.440104 1 
 2019 102  2.370  27 14.350 126.10  62.21   5.06  24.81   97   5 -1 -0.62437   5.24   48.00 58585.597905 1 
 2019 102  2.342  27 23.317 219.24  47.93   5.02  24.97  103   5  1  0.66165   4.48   51.00 58585.971516 1 
 2019 102  2.455  27  2.925 299.03  29.14   5.12  24.84   99   5 -1 -0.64190   5.64   49.00 58585.121863 1 
 2019 102  2.422  30 14.971   9.60  27.94   5.18  25.00   96   5 -1 -0.61863   4.83   47.50 58585.623773 1 
 2019 102  2.472  32  7.367  61.00  20.05   5.08  24.93   95   5 -1 -0.60736   4.40   47.00 58585.306933 1 
 2019 102  2.332  32 16.000 162.95  30.46   5.01  24.92  123   5  1  0.81323   4.78   61.00 58585.666667 1 
 2019 102  2.380  32 18.663 224.69  37.96   5.02  24.93  124   5 -1 -0.81933   3.99   61.50 58585.777604 1 
 2019 102  2.385  32  3.042 328.82  26.67   5.19  24.96   93   5  1  0.59963   5.11   46.00 58585.126725 1 
