% calculated on 2021-02-24 15:11 
% year doy   RH    numval month day RH-sigma
% year doy   (m)                      (m)
% (1)  (2)   (3)    (4)    (5)  (6)   (7)
 2012     1   2.799  77    1    1   0.079 
 2012     2   2.808  75    1    2   0.078 
 2012     3   2.805  74    1    3   0.078 
 2012     4   2.801  74    1    4   0.083 
 2012     5   2.803  75    1    5   0.076 
 2012     6   2.793  72    1    6   0.076 
 2012     7   2.773  75    1    7   0.087 
 2012     8   2.746  73    1    8   0.080 
 2012     9   2.747  71    1    9   0.072 
 2012    10   2.744  76    1   10   0.083 
 2012    11   2.730  72    1   11   0.073 
 2012    12   2.745  68    1   12   0.078 
 2012    13   2.710  67    1   13   0.065 
 2012    14   2.707  68    1   14   0.052 
 2012    15   2.697  62    1   15   0.081 
 2012    16   2.716  67    1   16   0.069 
 2012    17   2.726  65    1   17   0.067 
 2012    18   2.712  67    1   18   0.073 
 2012    19   2.711  68    1   19   0.073 
 2012    20   2.715  67    1   20   0.067 
 2012    21   2.721  63    1   21   0.074 
 2012    22   2.715  66    1   22   0.068 
 2012    23   2.717  69    1   23   0.068 
 2012    24   2.711  70    1   24   0.070 
 2012    25   2.714  66    1   25   0.070 
 2012    26   2.719  73    1   26   0.082 
 2012    27   2.710  67    1   27   0.067 
 2012    28   2.717  70    1   28   0.072 
 2012    29   2.721  70    1   29   0.074 
 2012    30   2.720  66    1   30   0.065 
 2012    31   2.721  71    1   31   0.075 
 2012    32   2.716  70    2    1   0.067 
 2012    33   2.711  71    2    2   0.065 
 2012    34   2.708  69    2    3   0.068 
 2012    35   2.718  69    2    4   0.067 
 2012    36   2.722  68    2    5   0.063 
 2012    37   2.711  71    2    6   0.066 
 2012    38   2.725  71    2    7   0.066 
 2012    39   2.722  69    2    8   0.058 
 2012    40   2.714  73    2    9   0.063 
 2012    41   2.716  74    2   10   0.054 
 2012    42   2.723  75    2   11   0.062 
 2012    43   2.723  75    2   12   0.059 
 2012    44   2.731  70    2   13   0.098 
 2012    45   2.719  73    2   14   0.082 
 2012    46   2.687  74    2   15   0.077 
 2012    47   2.679  75    2   16   0.073 
 2012    48   2.640  74    2   17   0.084 
 2012    49   2.636  74    2   18   0.073 
 2012    50   2.630  78    2   19   0.065 
 2012    51   2.633  74    2   20   0.066 
 2012    52   2.632  73    2   21   0.063 
 2012    53   2.632  75    2   22   0.062 
 2012    54   2.633  74    2   23   0.065 
 2012    55   2.636  70    2   24   0.060 
 2012    56   2.634  73    2   25   0.063 
 2012    57   2.632  76    2   26   0.061 
 2012    58   2.632  73    2   27   0.064 
 2012    59   2.623  74    2   28   0.072 
 2012    60   2.629  76    2   29   0.065 
 2012    61   2.626  73    3    1   0.064 
 2012    62   2.635  73    3    2   0.057 
 2012    63   2.630  74    3    3   0.064 
 2012    64   2.633  73    3    4   0.060 
 2012    65   2.627  72    3    5   0.105 
 2012    66   2.625  62    3    6   0.112 
 2012    67   2.610  69    3    7   0.095 
 2012    68   2.601  68    3    8   0.098 
 2012    69   2.599  72    3    9   0.089 
 2012    70   2.604  74    3   10   0.092 
 2012    71   2.584  74    3   11   0.089 
 2012    72   2.616  74    3   12   0.078 
 2012    73   2.654  73    3   13   0.080 
 2012    74   2.644  74    3   14   0.077 
 2012    75   2.645  75    3   15   0.079 
 2012    76   2.644  79    3   16   0.081 
 2012    77   2.626  75    3   17   0.064 
 2012    78   2.624  69    3   18   0.076 
 2012    79   2.575  75    3   19   0.068 
 2012    80   2.571  78    3   20   0.070 
 2012    81   2.587  76    3   21   0.071 
 2012    82   2.587  76    3   22   0.066 
 2012    83   2.578  75    3   23   0.061 
 2012    84   2.597  78    3   24   0.055 
 2012    85   2.592  77    3   25   0.057 
 2012    86   2.593  78    3   26   0.060 
 2012    87   2.590  73    3   27   0.060 
 2012    88   2.580  71    3   28   0.065 
 2012    89   2.574  75    3   29   0.066 
 2012    90   2.592  72    3   30   0.066 
 2012    91   2.571  62    3   31   0.096 
 2012    92   2.544  66    4    1   0.087 
 2012    93   2.536  66    4    2   0.067 
 2012    94   2.529  76    4    3   0.072 
 2012    95   2.528  72    4    4   0.067 
 2012    96   2.535  76    4    5   0.059 
 2012    97   2.526  76    4    6   0.058 
 2012    98   2.533  77    4    7   0.051 
 2012    99   2.525  72    4    8   0.079 
 2012   100   2.501  73    4    9   0.093 
 2012   101   2.497  75    4   10   0.079 
 2012   102   2.505  74    4   11   0.081 
 2012   103   2.505  73    4   12   0.086 
 2012   104   2.505  77    4   13   0.057 
 2012   105   2.503  78    4   14   0.057 
 2012   106   2.516  79    4   15   0.049 
 2012   107   2.511  79    4   16   0.051 
 2012   108   2.521  79    4   17   0.057 
 2012   109   2.512  79    4   18   0.047 
 2012   110   2.513  77    4   19   0.047 
 2012   111   2.511  78    4   20   0.043 
 2012   112   2.515  78    4   21   0.048 
 2012   113   2.512  78    4   22   0.046 
 2012   114   2.513  76    4   23   0.043 
 2012   115   2.511  77    4   24   0.045 
 2012   116   2.509  78    4   25   0.049 
 2012   117   2.503  75    4   26   0.061 
 2012   118   2.479  76    4   27   0.075 
 2012   119   2.489  78    4   28   0.062 
 2012   120   2.490  78    4   29   0.061 
 2012   121   2.447  74    4   30   0.088 
 2012   122   2.457  75    5    1   0.078 
 2012   123   2.451  77    5    2   0.079 
 2012   124   2.449  77    5    3   0.080 
 2012   125   2.451  78    5    4   0.083 
 2012   126   2.454  77    5    5   0.079 
 2012   127   2.420  70    5    6   0.090 
 2012   128   2.429  73    5    7   0.086 
 2012   129   2.431  68    5    8   0.080 
 2012   130   2.439  71    5    9   0.078 
 2012   131   2.422  70    5   10   0.081 
 2012   132   2.415  65    5   11   0.082 
 2012   133   2.387  59    5   12   0.093 
 2012   134   2.454  69    5   13   0.100 
 2012   135   2.446  70    5   14   0.103 
 2012   136   2.423  72    5   15   0.097 
 2012   137   2.385  76    5   16   0.088 
 2012   138   2.397  74    5   17   0.083 
 2012   139   2.402  73    5   18   0.071 
 2012   140   2.409  76    5   19   0.073 
 2012   141   2.407  76    5   20   0.077 
 2012   142   2.405  70    5   21   0.074 
 2012   143   2.402  74    5   22   0.068 
 2012   144   2.393  72    5   23   0.071 
 2012   145   2.397  75    5   24   0.077 
 2012   146   2.386  73    5   25   0.077 
 2012   147   2.389  75    5   26   0.076 
 2012   148   2.413  75    5   27   0.067 
 2012   149   2.435  77    5   28   0.063 
 2012   150   2.448  77    5   29   0.070 
 2012   151   2.467  74    5   30   0.061 
 2012   152   2.473  75    5   31   0.068 
 2012   153   2.496  76    6    1   0.068 
 2012   154   2.517  77    6    2   0.070 
 2012   155   2.530  74    6    3   0.066 
 2012   156   2.542  78    6    4   0.068 
 2012   157   2.557  78    6    5   0.061 
 2012   158   2.570  78    6    6   0.065 
 2012   159   2.579  76    6    7   0.064 
 2012   160   2.552  70    6    8   0.094 
 2012   162   2.539  74    6   10   0.086 
 2012   163   2.547  69    6   11   0.079 
 2012   164   2.545  71    6   12   0.086 
 2012   165   2.548  70    6   13   0.089 
 2012   166   2.521  73    6   14   0.083 
 2012   167   2.539  78    6   15   0.069 
 2012   168   2.576  77    6   16   0.062 
 2012   169   2.595  76    6   17   0.057 
 2012   170   2.623  76    6   18   0.060 
 2012   171   2.645  69    6   19   0.058 
 2012   172   2.664  77    6   20   0.056 
 2012   173   2.684  77    6   21   0.055 
 2012   174   2.704  76    6   22   0.055 
 2012   175   2.734  77    6   23   0.063 
 2012   176   2.750  78    6   24   0.062 
 2012   177   2.771  79    6   25   0.060 
 2012   178   2.792  78    6   26   0.059 
 2012   179   2.811  79    6   27   0.059 
 2012   180   2.833  80    6   28   0.062 
 2012   181   2.854  79    6   29   0.061 
 2012   182   2.877  79    6   30   0.062 
 2012   183   2.889  81    7    1   0.062 
 2012   184   2.857  76    7    2   0.077 
 2012   185   2.871  79    7    3   0.063 
 2012   186   2.888  80    7    4   0.062 
 2012   187   2.906  78    7    5   0.062 
 2012   188   2.933  78    7    6   0.064 
 2012   189   2.935  77    7    7   0.066 
 2012   190   2.940  78    7    8   0.063 
 2012   191   2.987  76    7    9   0.062 
 2012   192   3.032  78    7   10   0.064 
 2012   193   3.072  75    7   11   0.064 
 2012   194   3.097  74    7   12   0.059 
 2012   195   3.113  76    7   13   0.067 
 2012   196   3.140  77    7   14   0.065 
 2012   197   3.151  76    7   15   0.066 
 2012   198   3.163  77    7   16   0.061 
 2012   199   3.174  77    7   17   0.063 
 2012   200   3.188  80    7   18   0.062 
 2012   201   3.201  76    7   19   0.060 
 2012   202   3.211  76    7   20   0.057 
 2012   203   3.208  77    7   21   0.062 
 2012   204   3.203  78    7   22   0.066 
 2012   205   3.197  76    7   23   0.061 
 2012   206   3.198  77    7   24   0.062 
 2012   207   3.201  76    7   25   0.068 
 2012   208   3.205  77    7   26   0.068 
 2012   209   3.244  75    7   27   0.063 
 2012   210   3.295  75    7   28   0.066 
 2012   211   3.323  74    7   29   0.072 
 2012   212   3.346  75    7   30   0.069 
 2012   213   3.368  76    7   31   0.071 
 2012   214   3.382  77    8    1   0.075 
 2012   215   3.394  77    8    2   0.076 
 2012   216   3.417  74    8    3   0.072 
 2012   217   3.459  74    8    4   0.074 
 2012   218   3.497  77    8    5   0.077 
 2012   219   3.525  77    8    6   0.076 
 2012   220   3.550  77    8    7   0.071 
 2012   221   3.558  73    8    8   0.074 
 2012   222   3.548  76    8    9   0.072 
 2012   223   3.545  76    8   10   0.078 
 2012   224   3.545  77    8   11   0.076 
 2012   225   3.546  76    8   12   0.068 
 2012   226   3.540  76    8   13   0.073 
 2012   227   3.535  77    8   14   0.075 
 2012   228   3.561  76    8   15   0.075 
 2012   229   3.563  75    8   16   0.070 
 2012   230   3.563  73    8   17   0.067 
 2012   231   3.560  76    8   18   0.071 
 2012   232   3.556  73    8   19   0.071 
 2012   233   3.563  77    8   20   0.074 
 2012   234   3.562  75    8   21   0.072 
 2012   235   3.565  76    8   22   0.075 
 2012   236   3.558  74    8   23   0.075 
 2012   237   3.542  76    8   24   0.077 
 2012   238   3.533  76    8   25   0.080 
 2012   239   3.526  75    8   26   0.081 
 2012   240   3.532  76    8   27   0.078 
 2012   241   3.524  74    8   28   0.084 
 2012   242   3.523  74    8   29   0.090 
 2012   243   3.542  76    8   30   0.080 
 2012   244   3.544  75    8   31   0.077 
 2012   245   3.536  77    9    1   0.083 
 2012   246   3.538  77    9    2   0.078 
 2012   247   3.536  77    9    3   0.082 
 2012   248   3.535  77    9    4   0.087 
 2012   249   3.544  77    9    5   0.085 
 2012   250   3.511  73    9    6   0.070 
 2012   251   3.494  73    9    7   0.063 
 2012   252   3.483  74    9    8   0.067 
 2012   253   3.486  77    9    9   0.073 
 2012   254   3.513  77    9   10   0.074 
 2012   255   3.472  71    9   11   0.092 
 2012   256   3.456  72    9   12   0.067 
 2012   257   3.461  73    9   13   0.073 
 2012   258   3.434  71    9   14   0.083 
 2012   259   3.409  68    9   15   0.097 
 2012   260   3.402  68    9   16   0.097 
 2012   261   3.397  69    9   17   0.093 
 2012   262   3.417  73    9   18   0.099 
 2012   263   3.379  66    9   19   0.087 
 2012   264   3.349  65    9   20   0.086 
 2012   265   3.348  69    9   21   0.097 
 2012   266   3.330  71    9   22   0.087 
 2012   267   3.333  73    9   23   0.084 
 2012   268   3.343  68    9   24   0.088 
 2012   269   3.276  74    9   25   0.071 
 2012   270   3.286  74    9   26   0.079 
 2012   271   3.289  77    9   27   0.085 
 2012   272   3.290  75    9   28   0.081 
 2012   273   3.283  76    9   29   0.079 
 2012   274   3.280  76    9   30   0.077 
 2012   275   3.270  75   10    1   0.081 
 2012   276   3.263  72   10    2   0.082 
 2012   277   3.240  64   10    3   0.089 
 2012   278   3.241  70   10    4   0.086 
 2012   279   3.223  65   10    5   0.082 
 2012   280   3.221  67   10    6   0.074 
 2012   281   3.230  67   10    7   0.080 
 2012   282   3.256  48   10    8   0.104 
 2012   283   3.212  54   10    9   0.111 
 2012   284   3.209  59   10   10   0.118 
 2012   285   3.170  64   10   11   0.119 
 2012   286   3.201  70   10   12   0.104 
 2012   287   3.201  64   10   13   0.085 
 2012   288   3.207  67   10   14   0.089 
 2012   289   3.231  76   10   15   0.080 
 2012   290   3.230  74   10   16   0.063 
 2012   291   3.217  64   10   17   0.074 
 2012   292   3.213  67   10   18   0.080 
 2012   293   3.215  68   10   19   0.075 
 2012   294   3.209  71   10   20   0.078 
 2012   295   3.209  68   10   21   0.079 
 2012   296   3.208  68   10   22   0.080 
 2012   297   3.157  70   10   23   0.106 
 2012   298   3.141  71   10   24   0.101 
 2012   299   3.132  74   10   25   0.087 
 2012   300   3.098  73   10   26   0.079 
 2012   301   3.115  76   10   27   0.066 
 2012   302   3.127  73   10   28   0.073 
 2012   303   3.108  52   10   29   0.090 
 2012   304   3.119  64   10   30   0.092 
 2012   305   3.115  66   10   31   0.088 
 2012   306   3.119  66   11    1   0.096 
 2012   307   3.138  60   11    2   0.090 
 2012   308   3.103  68   11    3   0.095 
 2012   309   3.063  70   11    4   0.097 
 2012   310   3.035  69   11    5   0.100 
 2012   311   2.995  69   11    6   0.090 
 2012   312   2.982  70   11    7   0.069 
 2012   313   2.981  71   11    8   0.060 
 2012   314   2.976  68   11    9   0.062 
 2012   315   3.004  74   11   10   0.067 
 2012   316   3.079  71   11   11   0.081 
 2012   317   3.114  74   11   12   0.056 
 2012   318   3.114  71   11   13   0.054 
 2012   319   3.092  73   11   14   0.073 
 2012   320   3.092  72   11   15   0.063 
 2012   321   3.074  74   11   16   0.072 
 2012   322   3.090  72   11   17   0.070 
 2012   323   3.090  69   11   18   0.082 
 2012   324   3.091  73   11   19   0.080 
 2012   325   3.089  72   11   20   0.078 
 2012   326   3.091  71   11   21   0.082 
 2012   327   3.080  72   11   22   0.090 
 2012   328   3.091  73   11   23   0.077 
 2012   329   3.085  74   11   24   0.083 
 2012   330   3.087  71   11   25   0.088 
 2012   331   2.989  68   11   26   0.107 
 2012   332   3.020  70   11   27   0.093 
 2012   333   3.022  76   11   28   0.090 
 2012   334   3.025  76   11   29   0.070 
 2012   335   3.034  77   11   30   0.073 
 2012   336   2.966  72   12    1   0.088 
 2012   337   2.991  75   12    2   0.083 
 2012   338   2.969  75   12    3   0.081 
 2012   339   2.945  73   12    4   0.077 
 2012   340   2.942  74   12    5   0.081 
 2012   341   2.935  75   12    6   0.081 
 2012   342   2.930  73   12    7   0.081 
 2012   343   2.941  74   12    8   0.070 
 2012   344   2.889  73   12    9   0.083 
 2012   345   2.902  74   12   10   0.074 
 2012   346   2.939  73   12   11   0.081 
 2012   347   2.929  74   12   12   0.085 
 2012   348   2.943  72   12   13   0.078 
 2012   349   2.937  74   12   14   0.085 
 2012   350   2.933  77   12   15   0.084 
 2012   351   2.933  75   12   16   0.081 
 2012   352   2.933  77   12   17   0.082 
 2012   353   2.937  73   12   18   0.084 
 2012   354   2.936  74   12   19   0.076 
 2012   355   2.943  75   12   20   0.076 
 2012   356   2.941  72   12   21   0.075 
 2012   357   2.935  76   12   22   0.079 
 2012   358   2.934  72   12   23   0.076 
 2012   359   2.934  76   12   24   0.075 
 2012   360   2.942  73   12   25   0.078 
 2012   361   2.933  76   12   26   0.077 
 2012   362   2.925  72   12   27   0.078 
 2012   363   2.911  72   12   28   0.081 
 2012   364   2.914  74   12   29   0.077 
 2012   365   2.915  76   12   30   0.081 
