% calculated on 2021-04-11 11:55 
% year doy   RH    numval month day RH-sigma
% year doy   (m)                      (m)
% (1)  (2)   (3)    (4)    (5)  (6)   (7)
 2012     1   2.799  64    1    1   0.070 
 2012     2   2.807  68    1    2   0.075 
 2012     3   2.805  65    1    3   0.077 
 2012     4   2.801  65    1    4   0.080 
 2012     5   2.801  64    1    5   0.074 
 2012     6   2.797  62    1    6   0.071 
 2012     7   2.774  68    1    7   0.085 
 2012     8   2.731  62    1    8   0.066 
 2012     9   2.737  63    1    9   0.063 
 2012    10   2.735  64    1   10   0.076 
 2012    11   2.729  57    1   11   0.060 
 2012    12   2.740  62    1   12   0.072 
 2012    13   2.710  56    1   13   0.060 
 2012    14   2.707  56    1   14   0.054 
 2012    15   2.692  51    1   15   0.078 
 2012    16   2.714  59    1   16   0.062 
 2012    17   2.718  55    1   17   0.055 
 2012    18   2.708  59    1   18   0.067 
 2012    19   2.711  58    1   19   0.062 
 2012    20   2.707  56    1   20   0.049 
 2012    21   2.720  58    1   21   0.067 
 2012    22   2.712  59    1   22   0.058 
 2012    23   2.713  62    1   23   0.056 
 2012    24   2.712  60    1   24   0.058 
 2012    25   2.710  61    1   25   0.058 
 2012    26   2.714  59    1   26   0.070 
 2012    27   2.708  58    1   27   0.061 
 2012    28   2.711  55    1   28   0.058 
 2012    29   2.723  62    1   29   0.072 
 2012    30   2.718  59    1   30   0.061 
 2012    31   2.718  60    1   31   0.068 
 2012    32   2.713  65    2    1   0.054 
 2012    33   2.714  61    2    2   0.057 
 2012    34   2.713  63    2    3   0.065 
 2012    35   2.711  64    2    4   0.059 
 2012    36   2.719  64    2    5   0.058 
 2012    37   2.710  64    2    6   0.064 
 2012    38   2.719  64    2    7   0.057 
 2012    39   2.720  64    2    8   0.055 
 2012    40   2.713  65    2    9   0.056 
 2012    41   2.716  66    2   10   0.051 
 2012    42   2.720  66    2   11   0.045 
 2012    43   2.721  68    2   12   0.053 
 2012    44   2.728  58    2   13   0.088 
 2012    45   2.716  64    2   14   0.085 
 2012    46   2.680  68    2   15   0.074 
 2012    47   2.678  65    2   16   0.072 
 2012    48   2.639  64    2   17   0.078 
 2012    49   2.638  66    2   18   0.072 
 2012    50   2.631  66    2   19   0.067 
 2012    51   2.633  64    2   20   0.065 
 2012    52   2.637  64    2   21   0.058 
 2012    53   2.633  68    2   22   0.066 
 2012    54   2.640  62    2   23   0.063 
 2012    55   2.638  63    2   24   0.062 
 2012    56   2.637  62    2   25   0.060 
 2012    57   2.633  59    2   26   0.064 
 2012    58   2.637  59    2   27   0.068 
 2012    59   2.630  60    2   28   0.065 
 2012    60   2.634  65    2   29   0.065 
 2012    61   2.627  63    3    1   0.067 
 2012    62   2.635  66    3    2   0.058 
 2012    63   2.629  65    3    3   0.064 
 2012    64   2.628  59    3    4   0.066 
 2012    65   2.634  54    3    5   0.094 
 2012    66   2.621  42    3    6   0.105 
 2012    67   2.624  46    3    7   0.085 
 2012    68   2.594  52    3    8   0.092 
 2012    69   2.602  58    3    9   0.087 
 2012    70   2.612  60    3   10   0.097 
 2012    71   2.580  61    3   11   0.091 
 2012    72   2.613  64    3   12   0.078 
 2012    73   2.656  62    3   13   0.072 
 2012    74   2.647  64    3   14   0.074 
 2012    75   2.652  64    3   15   0.075 
 2012    76   2.660  58    3   16   0.064 
 2012    77   2.630  58    3   17   0.061 
 2012    78   2.630  53    3   18   0.068 
 2012    79   2.569  62    3   19   0.067 
 2012    80   2.573  62    3   20   0.063 
 2012    81   2.581  66    3   21   0.065 
 2012    82   2.585  63    3   22   0.053 
 2012    83   2.579  65    3   23   0.057 
 2012    84   2.592  68    3   24   0.051 
 2012    85   2.591  68    3   25   0.054 
 2012    86   2.596  64    3   26   0.057 
 2012    87   2.587  67    3   27   0.062 
 2012    88   2.577  65    3   28   0.066 
 2012    89   2.574  57    3   29   0.062 
 2012    90   2.592  58    3   30   0.064 
 2012    91   2.562  41    3   31   0.093 
 2012    92   2.546  45    4    1   0.087 
 2012    93   2.537  49    4    2   0.074 
 2012    94   2.538  56    4    3   0.066 
 2012    95   2.536  58    4    4   0.064 
 2012    96   2.535  69    4    5   0.057 
 2012    97   2.525  66    4    6   0.046 
 2012    98   2.530  67    4    7   0.048 
 2012    99   2.519  58    4    8   0.068 
 2012   100   2.506  58    4    9   0.087 
 2012   101   2.492  61    4   10   0.077 
 2012   102   2.499  60    4   11   0.077 
 2012   103   2.499  63    4   12   0.085 
 2012   104   2.502  69    4   13   0.059 
 2012   105   2.503  71    4   14   0.057 
 2012   106   2.514  69    4   15   0.049 
 2012   107   2.507  71    4   16   0.052 
 2012   108   2.516  72    4   17   0.054 
 2012   109   2.508  71    4   18   0.045 
 2012   110   2.509  71    4   19   0.046 
 2012   111   2.507  71    4   20   0.042 
 2012   112   2.511  70    4   21   0.047 
 2012   113   2.507  70    4   22   0.045 
 2012   114   2.509  69    4   23   0.042 
 2012   115   2.508  71    4   24   0.045 
 2012   116   2.504  71    4   25   0.048 
 2012   117   2.505  65    4   26   0.056 
 2012   118   2.474  68    4   27   0.068 
 2012   119   2.489  67    4   28   0.055 
 2012   120   2.482  68    4   29   0.060 
 2012   121   2.442  55    4   30   0.083 
 2012   122   2.454  65    5    1   0.074 
 2012   123   2.446  67    5    2   0.077 
 2012   124   2.446  70    5    3   0.078 
 2012   125   2.452  64    5    4   0.078 
 2012   126   2.447  68    5    5   0.078 
 2012   127   2.413  47    5    6   0.079 
 2012   128   2.416  54    5    7   0.069 
 2012   129   2.426  51    5    8   0.076 
 2012   130   2.421  54    5    9   0.071 
 2012   131   2.415  50    5   10   0.071 
 2012   132   2.401  44    5   11   0.069 
 2012   133   2.398  37    5   12   0.094 
 2012   134   2.440  48    5   13   0.096 
 2012   135   2.435  57    5   14   0.103 
 2012   136   2.421  56    5   15   0.092 
 2012   137   2.378  59    5   16   0.084 
 2012   138   2.392  63    5   17   0.081 
 2012   139   2.393  62    5   18   0.064 
 2012   140   2.404  66    5   19   0.073 
 2012   141   2.407  61    5   20   0.070 
 2012   142   2.406  60    5   21   0.074 
 2012   143   2.393  61    5   22   0.066 
 2012   144   2.389  55    5   23   0.068 
 2012   145   2.391  62    5   24   0.076 
 2012   146   2.378  58    5   25   0.075 
 2012   147   2.383  64    5   26   0.077 
 2012   148   2.407  69    5   27   0.065 
 2012   149   2.427  71    5   28   0.063 
 2012   150   2.441  71    5   29   0.066 
 2012   151   2.461  70    5   30   0.056 
 2012   152   2.467  72    5   31   0.066 
 2012   153   2.490  69    6    1   0.068 
 2012   154   2.510  72    6    2   0.066 
 2012   155   2.522  70    6    3   0.062 
 2012   156   2.533  73    6    4   0.062 
 2012   157   2.549  73    6    5   0.055 
 2012   158   2.559  71    6    6   0.060 
 2012   159   2.572  70    6    7   0.060 
 2012   160   2.539  49    6    8   0.089 
 2012   162   2.533  61    6   10   0.082 
 2012   163   2.530  61    6   11   0.079 
 2012   164   2.532  58    6   12   0.082 
 2012   165   2.535  57    6   13   0.088 
 2012   166   2.517  62    6   14   0.077 
 2012   167   2.530  74    6   15   0.064 
 2012   168   2.567  71    6   16   0.055 
 2012   169   2.588  71    6   17   0.047 
 2012   170   2.615  72    6   18   0.054 
 2012   171   2.635  64    6   19   0.048 
 2012   172   2.654  72    6   20   0.044 
 2012   173   2.674  72    6   21   0.044 
 2012   174   2.696  72    6   22   0.046 
 2012   175   2.724  72    6   23   0.054 
 2012   176   2.739  73    6   24   0.052 
 2012   177   2.759  73    6   25   0.051 
 2012   178   2.784  73    6   26   0.051 
 2012   179   2.803  74    6   27   0.052 
 2012   180   2.824  74    6   28   0.054 
 2012   181   2.845  73    6   29   0.053 
 2012   182   2.868  73    6   30   0.054 
 2012   183   2.878  74    7    1   0.051 
 2012   184   2.850  68    7    2   0.064 
 2012   185   2.861  72    7    3   0.057 
 2012   186   2.880  74    7    4   0.056 
 2012   187   2.895  71    7    5   0.052 
 2012   188   2.924  72    7    6   0.056 
 2012   189   2.925  71    7    7   0.057 
 2012   190   2.930  71    7    8   0.056 
 2012   191   2.979  71    7    9   0.056 
 2012   192   3.022  72    7   10   0.056 
 2012   193   3.066  71    7   11   0.060 
 2012   194   3.092  70    7   12   0.054 
 2012   195   3.104  70    7   13   0.059 
 2012   196   3.132  72    7   14   0.059 
 2012   197   3.143  73    7   15   0.061 
 2012   198   3.156  72    7   16   0.055 
 2012   199   3.165  73    7   17   0.057 
 2012   200   3.179  74    7   18   0.055 
 2012   201   3.193  73    7   19   0.057 
 2012   202   3.203  73    7   20   0.055 
 2012   203   3.203  73    7   21   0.057 
 2012   204   3.195  72    7   22   0.060 
 2012   205   3.189  72    7   23   0.056 
 2012   206   3.189  73    7   24   0.057 
 2012   207   3.191  71    7   25   0.058 
 2012   208   3.193  72    7   26   0.057 
 2012   209   3.234  71    7   27   0.055 
 2012   210   3.284  70    7   28   0.055 
 2012   211   3.312  70    7   29   0.062 
 2012   212   3.336  73    7   30   0.063 
 2012   213   3.359  72    7   31   0.062 
 2012   214   3.369  72    8    1   0.065 
 2012   215   3.382  72    8    2   0.067 
 2012   216   3.409  70    8    3   0.065 
 2012   217   3.451  71    8    4   0.067 
 2012   218   3.485  73    8    5   0.070 
 2012   219   3.513  73    8    6   0.067 
 2012   220   3.541  73    8    7   0.064 
 2012   221   3.550  69    8    8   0.069 
 2012   222   3.539  71    8    9   0.064 
 2012   223   3.535  71    8   10   0.069 
 2012   224   3.536  70    8   11   0.067 
 2012   225   3.538  72    8   12   0.062 
 2012   226   3.535  73    8   13   0.068 
 2012   227   3.525  72    8   14   0.067 
 2012   228   3.550  72    8   15   0.066 
 2012   229   3.556  72    8   16   0.066 
 2012   230   3.556  71    8   17   0.063 
 2012   231   3.554  72    8   18   0.067 
 2012   232   3.550  71    8   19   0.066 
 2012   233   3.553  71    8   20   0.066 
 2012   234   3.552  70    8   21   0.062 
 2012   235   3.554  70    8   22   0.064 
 2012   236   3.546  70    8   23   0.063 
 2012   237   3.532  67    8   24   0.069 
 2012   238   3.524  60    8   25   0.072 
 2012   239   3.521  63    8   26   0.071 
 2012   240   3.522  63    8   27   0.072 
 2012   241   3.520  61    8   28   0.079 
 2012   242   3.517  62    8   29   0.086 
 2012   243   3.532  69    8   30   0.075 
 2012   244   3.539  69    8   31   0.071 
 2012   245   3.537  68    9    1   0.069 
 2012   246   3.536  70    9    2   0.074 
 2012   247   3.532  70    9    3   0.078 
 2012   248   3.530  69    9    4   0.079 
 2012   249   3.528  67    9    5   0.076 
 2012   250   3.504  66    9    6   0.061 
 2012   251   3.492  64    9    7   0.059 
 2012   252   3.476  67    9    8   0.064 
 2012   253   3.473  66    9    9   0.059 
 2012   254   3.505  67    9   10   0.065 
 2012   255   3.467  60    9   11   0.090 
 2012   256   3.454  67    9   12   0.062 
 2012   257   3.457  67    9   13   0.064 
 2012   258   3.422  58    9   14   0.075 
 2012   259   3.402  49    9   15   0.098 
 2012   260   3.396  54    9   16   0.096 
 2012   261   3.390  52    9   17   0.084 
 2012   262   3.400  54    9   18   0.089 
 2012   263   3.385  51    9   19   0.082 
 2012   264   3.347  49    9   20   0.078 
 2012   265   3.347  57    9   21   0.098 
 2012   266   3.322  58    9   22   0.086 
 2012   267   3.328  58    9   23   0.085 
 2012   268   3.331  53    9   24   0.086 
 2012   269   3.266  65    9   25   0.067 
 2012   270   3.283  65    9   26   0.067 
 2012   271   3.276  66    9   27   0.078 
 2012   272   3.279  66    9   28   0.077 
 2012   273   3.275  65    9   29   0.073 
 2012   274   3.271  66    9   30   0.073 
 2012   275   3.265  61   10    1   0.071 
 2012   276   3.260  56   10    2   0.079 
 2012   277   3.234  36   10    3   0.075 
 2012   278   3.245  53   10    4   0.078 
 2012   279   3.216  43   10    5   0.061 
 2012   280   3.219  43   10    6   0.057 
 2012   281   3.220  46   10    7   0.083 
 2012   282   3.252  34   10    8   0.079 
 2012   283   3.199  35   10    9   0.107 
 2012   284   3.201  32   10   10   0.118 
 2012   285   3.140  46   10   11   0.132 
 2012   286   3.182  55   10   12   0.109 
 2012   287   3.204  50   10   13   0.082 
 2012   288   3.214  49   10   14   0.081 
 2012   289   3.227  66   10   15   0.070 
 2012   290   3.230  60   10   16   0.053 
 2012   291   3.216  55   10   17   0.070 
 2012   292   3.211  60   10   18   0.081 
 2012   293   3.219  58   10   19   0.072 
 2012   294   3.212  58   10   20   0.078 
 2012   295   3.211  59   10   21   0.074 
 2012   296   3.212  56   10   22   0.076 
 2012   297   3.169  52   10   23   0.095 
 2012   298   3.127  57   10   24   0.095 
 2012   299   3.119  62   10   25   0.082 
 2012   300   3.098  59   10   26   0.076 
 2012   301   3.107  63   10   27   0.060 
 2012   302   3.127  65   10   28   0.069 
 2012   303   3.093  32   10   29   0.068 
 2012   304   3.106  39   10   30   0.079 
 2012   305   3.099  41   10   31   0.074 
 2012   306   3.107  45   11    1   0.086 
 2012   307   3.140  39   11    2   0.061 
 2012   308   3.101  56   11    3   0.088 
 2012   309   3.067  58   11    4   0.091 
 2012   310   3.027  56   11    5   0.091 
 2012   311   2.995  49   11    6   0.083 
 2012   312   2.974  61   11    7   0.062 
 2012   313   2.973  63   11    8   0.054 
 2012   314   2.969  63   11    9   0.052 
 2012   315   2.998  61   11   10   0.064 
 2012   316   3.069  59   11   11   0.068 
 2012   317   3.111  66   11   12   0.054 
 2012   318   3.111  63   11   13   0.053 
 2012   319   3.087  63   11   14   0.070 
 2012   320   3.088  61   11   15   0.066 
 2012   321   3.069  62   11   16   0.069 
 2012   322   3.089  61   11   17   0.068 
 2012   323   3.089  57   11   18   0.080 
 2012   324   3.092  60   11   19   0.076 
 2012   325   3.089  57   11   20   0.073 
 2012   326   3.087  58   11   21   0.079 
 2012   327   3.079  57   11   22   0.083 
 2012   328   3.086  59   11   23   0.076 
 2012   329   3.079  59   11   24   0.084 
 2012   330   3.086  55   11   25   0.082 
 2012   331   2.994  51   11   26   0.106 
 2012   332   3.021  58   11   27   0.086 
 2012   333   3.023  69   11   28   0.084 
 2012   334   3.021  68   11   29   0.065 
 2012   335   3.025  69   11   30   0.066 
 2012   336   2.950  61   12    1   0.082 
 2012   337   2.978  62   12    2   0.075 
 2012   338   2.955  63   12    3   0.079 
 2012   339   2.941  59   12    4   0.073 
 2012   340   2.942  55   12    5   0.063 
 2012   341   2.926  60   12    6   0.078 
 2012   342   2.927  58   12    7   0.081 
 2012   343   2.926  56   12    8   0.070 
 2012   344   2.886  62   12    9   0.074 
 2012   345   2.898  64   12   10   0.068 
 2012   346   2.929  61   12   11   0.069 
 2012   347   2.922  62   12   12   0.074 
 2012   348   2.933  61   12   13   0.070 
 2012   349   2.933  62   12   14   0.070 
 2012   350   2.927  65   12   15   0.072 
 2012   351   2.924  62   12   16   0.072 
 2012   352   2.927  65   12   17   0.070 
 2012   353   2.933  64   12   18   0.076 
 2012   354   2.923  66   12   19   0.077 
 2012   355   2.932  62   12   20   0.067 
 2012   356   2.933  62   12   21   0.070 
 2012   357   2.925  63   12   22   0.071 
 2012   358   2.925  61   12   23   0.074 
 2012   359   2.925  65   12   24   0.073 
 2012   360   2.928  65   12   25   0.071 
 2012   361   2.919  60   12   26   0.075 
 2012   362   2.910  60   12   27   0.071 
 2012   363   2.904  62   12   28   0.077 
 2012   364   2.904  65   12   29   0.070 
 2012   365   2.906  67   12   30   0.078 
 2012   366   2.912  66   12   31   0.070 
