% calculated on 2021-03-02 12:42 
% year doy   RH    numval month day RH-sigma
% year doy   (m)                      (m)
% (1)  (2)   (3)    (4)    (5)  (6)   (7)
 2019     1   2.613 181    1    1   0.088 
 2019     2   2.622 189    1    2   0.093 
 2019     3   2.619 186    1    3   0.088 
 2019     4   2.618 189    1    4   0.086 
 2019     5   2.624 183    1    5   0.091 
 2019     6   2.620 185    1    6   0.088 
 2019     7   2.619 188    1    7   0.091 
 2019     8   2.616 195    1    8   0.089 
 2019     9   2.619 196    1    9   0.092 
 2019    10   2.621 182    1   10   0.089 
 2019    11   2.624 189    1   11   0.092 
 2019    12   2.620 193    1   12   0.089 
 2019    13   2.616 189    1   13   0.088 
 2019    14   2.606 188    1   14   0.092 
 2019    15   2.608 190    1   15   0.092 
 2019    16   2.609 188    1   16   0.091 
 2019    17   2.589 184    1   17   0.097 
 2019    18   2.613 193    1   18   0.086 
 2019    19   2.616 190    1   19   0.089 
 2019    20   2.616 193    1   20   0.086 
 2019    21   2.615 192    1   21   0.086 
 2019    23   2.608 185    1   23   0.090 
 2019    24   2.613 183    1   24   0.093 
 2019    25   2.612 188    1   25   0.090 
 2019    26   2.611 181    1   26   0.088 
 2019    27   2.613 185    1   27   0.090 
 2019    28   2.613 187    1   28   0.091 
 2019    29   2.600 181    1   29   0.087 
 2019    30   2.604 185    1   30   0.089 
 2019    31   2.587 189    1   31   0.076 
 2019    32   2.590 176    2    1   0.086 
 2019    33   2.584 184    2    2   0.082 
 2019    34   2.566 189    2    3   0.072 
 2019    35   2.585 186    2    4   0.073 
 2019    36   2.577 188    2    5   0.083 
 2019    37   2.580 187    2    6   0.079 
 2019    38   2.555 188    2    7   0.077 
 2019    39   2.557 185    2    8   0.074 
 2019    40   2.561 192    2    9   0.078 
 2019    41   2.561 193    2   10   0.075 
 2019    42   2.563 191    2   11   0.076 
 2019    43   2.558 187    2   12   0.073 
 2019    44   2.561 192    2   13   0.077 
 2019    45   2.561 179    2   14   0.077 
 2019    46   2.560 189    2   15   0.074 
 2019    47   2.559 186    2   16   0.076 
 2019    48   2.558 190    2   17   0.074 
 2019    49   2.563 192    2   18   0.073 
 2019    50   2.550 188    2   19   0.084 
 2019    51   2.550 192    2   20   0.081 
 2019    52   2.554 192    2   21   0.080 
 2019    53   2.555 189    2   22   0.081 
 2019    54   2.558 190    2   23   0.079 
 2019    55   2.563 188    2   24   0.082 
 2019    56   2.552 191    2   25   0.075 
 2019    57   2.485 139    2   26   0.127 
 2019    58   2.360  89    2   27   0.114 
 2019    59   2.332  74    2   28   0.107 
 2019    60   2.359 104    3    1   0.100 
 2019    61   2.354 136    3    2   0.099 
 2019    62   2.472 172    3    3   0.102 
 2019    63   2.441 170    3    4   0.104 
 2019    64   2.399 172    3    5   0.104 
 2019    65   2.417 174    3    6   0.103 
 2019    66   2.401 172    3    7   0.103 
 2019    67   2.403 174    3    8   0.099 
 2019    68   2.398 181    3    9   0.100 
 2019    69   2.401 176    3   10   0.099 
 2019    70   2.401 176    3   11   0.098 
 2019    71   2.401 178    3   12   0.095 
 2019    72   2.406 172    3   13   0.094 
 2019    73   2.399 176    3   14   0.098 
 2019    74   2.395 181    3   15   0.091 
 2019    75   2.398 172    3   16   0.089 
 2019    76   2.399 180    3   17   0.090 
 2019    77   2.402 181    3   18   0.091 
 2019    78   2.401 174    3   19   0.086 
 2019    79   2.400 176    3   20   0.089 
 2019    80   2.389 187    3   21   0.092 
 2019    81   2.398 185    3   22   0.085 
 2019    82   2.397 185    3   23   0.088 
 2019    83   2.405 180    3   24   0.087 
 2019    84   2.407 180    3   25   0.085 
 2019    85   2.396 186    3   26   0.088 
 2019    86   2.399 188    3   27   0.086 
 2019    87   2.401 180    3   28   0.085 
 2019    88   2.400 185    3   29   0.085 
 2019    89   2.396 185    3   30   0.086 
 2019    90   2.397 182    3   31   0.086 
 2019    91   2.399 180    4    1   0.086 
 2019    92   2.400 183    4    2   0.085 
 2019    93   2.401 179    4    3   0.086 
 2019    94   2.394 174    4    4   0.086 
 2019    95   2.395 186    4    5   0.085 
 2019    96   2.398 186    4    6   0.085 
 2019    97   2.398 179    4    7   0.085 
 2019    98   2.390 180    4    8   0.086 
 2019    99   2.392 168    4    9   0.088 
 2019   100   2.387 186    4   10   0.083 
 2019   101   2.389 178    4   11   0.086 
 2019   102   2.389 180    4   12   0.086 
 2019   103   2.386 180    4   13   0.083 
 2019   104   2.379 176    4   14   0.080 
 2019   105   2.374 176    4   15   0.081 
 2019   106   2.373 177    4   16   0.086 
 2019   107   2.356 178    4   17   0.100 
 2019   108   2.352 175    4   18   0.096 
 2019   109   2.357 164    4   19   0.096 
 2019   110   2.357 174    4   20   0.093 
 2019   111   2.361 170    4   21   0.098 
 2019   112   2.364 170    4   22   0.096 
 2019   113   2.364 172    4   23   0.100 
 2019   114   2.361 159    4   24   0.100 
 2019   115   2.361 164    4   25   0.102 
 2019   116   2.369 178    4   26   0.098 
 2019   117   2.363 180    4   27   0.101 
 2019   118   2.362 177    4   28   0.100 
 2019   119   2.361 177    4   29   0.097 
 2019   120   2.362 186    4   30   0.098 
 2019   121   2.354 186    5    1   0.096 
 2019   122   2.358 179    5    2   0.100 
 2019   123   2.362 190    5    3   0.096 
 2019   124   2.355 175    5    4   0.089 
 2019   125   2.349 184    5    5   0.092 
 2019   126   2.342 189    5    6   0.089 
 2019   127   2.339 179    5    7   0.089 
 2019   128   2.340 181    5    8   0.089 
 2019   129   2.335 187    5    9   0.088 
 2019   130   2.336 183    5   10   0.085 
 2019   131   2.333 180    5   11   0.082 
 2019   132   2.331 179    5   12   0.082 
 2019   133   2.333 185    5   13   0.083 
 2019   134   2.333 185    5   14   0.085 
 2019   135   2.335 180    5   15   0.081 
 2019   136   2.327 177    5   16   0.090 
 2019   137   2.326 180    5   17   0.080 
 2019   138   2.329 185    5   18   0.080 
 2019   139   2.335 190    5   19   0.078 
 2019   140   2.324 189    5   20   0.094 
 2019   141   2.329 185    5   21   0.096 
 2019   142   2.303 170    5   22   0.112 
 2019   143   2.251 166    5   23   0.102 
 2019   144   2.229 183    5   24   0.066 
 2019   145   2.225 191    5   25   0.072 
 2019   146   2.229 179    5   26   0.073 
 2019   147   2.237 188    5   27   0.069 
 2019   148   2.235 188    5   28   0.081 
 2019   149   2.222 185    5   29   0.068 
 2019   150   2.221 192    5   30   0.065 
 2019   151   2.224 192    5   31   0.065 
 2019   152   2.225 200    6    1   0.067 
 2019   153   2.226 201    6    2   0.064 
 2019   154   2.221 188    6    3   0.064 
 2019   155   2.221 189    6    4   0.063 
 2019   156   2.225 195    6    5   0.066 
 2019   157   2.222 186    6    6   0.064 
 2019   158   2.223 181    6    7   0.064 
 2019   159   2.226 194    6    8   0.066 
 2019   160   2.216 190    6    9   0.061 
 2019   161   2.220 189    6   10   0.065 
 2019   162   2.209 176    6   11   0.083 
 2019   163   2.219 179    6   12   0.077 
 2019   164   2.213 183    6   13   0.082 
 2019   165   2.210 182    6   14   0.073 
 2019   166   2.202 182    6   15   0.085 
 2019   167   2.189 192    6   16   0.081 
 2019   168   2.191 185    6   17   0.078 
 2019   169   2.200 185    6   18   0.083 
 2019   170   2.211 181    6   19   0.083 
 2019   171   2.208 184    6   20   0.083 
 2019   172   2.212 179    6   21   0.080 
 2019   173   2.211 181    6   22   0.087 
 2019   174   2.200 179    6   23   0.087 
 2019   175   2.195 186    6   24   0.090 
 2019   176   2.208 184    6   25   0.088 
 2019   177   2.138 182    6   26   0.091 
 2019   178   2.129 178    6   27   0.093 
 2019   179   2.131 177    6   28   0.094 
 2019   180   2.127 183    6   29   0.090 
 2019   181   2.125 178    6   30   0.093 
 2019   182   2.133 180    7    1   0.092 
 2019   183   2.134 181    7    2   0.083 
 2019   184   2.134 182    7    3   0.086 
 2019   185   2.131 182    7    4   0.087 
 2019   186   2.134 182    7    5   0.088 
 2019   187   2.137 184    7    6   0.087 
 2019   188   2.141 184    7    7   0.091 
 2019   189   2.140 179    7    8   0.087 
 2019   190   2.137 188    7    9   0.090 
 2019   191   2.141 175    7   10   0.087 
 2019   192   2.138 190    7   11   0.088 
 2019   193   2.143 187    7   12   0.087 
 2019   194   2.142 185    7   13   0.087 
 2019   195   2.141 182    7   14   0.088 
 2019   196   2.146 169    7   15   0.088 
 2019   197   2.147 183    7   16   0.088 
 2019   198   2.144 178    7   17   0.088 
 2019   199   2.146 185    7   18   0.086 
 2019   200   2.148 182    7   19   0.089 
 2019   201   2.148 180    7   20   0.089 
 2019   202   2.145 182    7   21   0.087 
 2019   203   2.144 170    7   22   0.088 
 2019   204   2.144 187    7   23   0.087 
 2019   205   2.149 170    7   24   0.089 
 2019   206   2.142 178    7   25   0.087 
 2019   207   2.144 174    7   26   0.086 
 2019   208   2.144 187    7   27   0.086 
 2019   209   2.142 182    7   28   0.087 
 2019   210   2.144 174    7   29   0.087 
 2019   211   2.141 179    7   30   0.089 
 2019   212   2.145 176    7   31   0.088 
 2019   213   2.146 182    8    1   0.089 
 2019   214   2.145 170    8    2   0.087 
 2019   215   2.148 179    8    3   0.085 
 2019   216   2.146 179    8    4   0.084 
 2019   217   2.143 166    8    5   0.084 
 2019   218   2.148 178    8    6   0.087 
 2019   219   2.147 170    8    7   0.085 
 2019   220   2.146 169    8    8   0.090 
 2019   221   2.144 193    8    9   0.085 
 2019   222   2.148 182    8   10   0.088 
 2019   223   2.147 183    8   11   0.087 
 2019   224   2.148 187    8   12   0.087 
 2019   225   2.149 182    8   13   0.088 
 2019   226   2.148 176    8   14   0.084 
 2019   227   2.146 182    8   15   0.085 
 2019   228   2.147 173    8   16   0.084 
 2019   229   2.150 177    8   17   0.086 
 2019   230   2.150 179    8   18   0.086 
 2019   231   2.151 178    8   19   0.089 
 2019   232   2.150 180    8   20   0.088 
 2019   233   2.152 179    8   21   0.085 
