  1  1.70  3    8.64 502   0  90
  2  1.69  5   18.77 484   0  90
  3  1.65  6    9.99 492   0  90
  4  1.67  7   53.85 490   0  90
  5  1.68  8   43.81   5   0  90
  6  1.67  9   20.09 504   0  90
  7  1.68 10   70.48 293   0  90
  8  1.66 12   14.04 492   0  90
  9  1.67 15   33.49   4   0  90
 10  1.67 26   36.78  50   0  90
 11  1.67 29   26.77 491   0  90
 12  1.67 30   37.96 491   0  90
 13  1.65 31    9.39 498   0  90
 14  1.74  5  138.90 489  90 180
 15  1.74  6  138.55 491  90 180
 16  1.75  8  139.09 502  90 180
 17  1.76 15  137.73 488  90 180
 18  1.66 17  127.60 480  90 180
 19  1.74 26  138.99 501  90 180
 20  1.74 31  138.10 502  90 180
 21  1.66 32  122.07   5  90 180
 22  1.71  1  219.61 504 180 270
 23  1.74  3  233.56 499 180 270
 24  1.70  8  222.21 488 180 270
 25  1.72 24  221.43 491 180 270
 26  1.70 25  223.98 487 180 270
 27  1.70 26  224.27 486 180 270
 28  1.70 27  218.91 491 180 270
 29  1.65  1  340.09 502 270 360
 30  1.72  7  305.80 501 270 360
 31  1.73  8  311.20   1 270 360
 32  1.75 10  319.62 493 270 360
 33  1.66 17  350.82 500 270 360
 34  1.66 24  343.59 487 270 360
 35  1.69 27  335.15 502 270 360
 36  1.73 30  285.45 370 270 360
 37  1.68 32  346.88 492 270 360
