% Year DOY Ph Phsig NormA MM DD 
 2017   2   8.41   4.97  0.853  0.00    1  2 
 2017   3   8.43   3.11  0.920  0.00    1  3 
 2017   4   4.96   3.33  0.937  0.00    1  4 
 2017   5   3.97   3.56  0.937  0.00    1  5 
 2017   6   3.83   3.30  0.932  0.00    1  6 
 2017   7   3.87   3.79  0.916  0.00    1  7 
 2017   8   3.00   2.61  0.909  0.00    1  8 
 2017   9   2.84   3.85  0.914  0.00    1  9 
 2017  10   2.92   2.97  0.907  0.00    1 10 
 2017  11   2.44   3.36  0.914  0.00    1 11 
 2017  12   2.61   3.55  0.906  0.00    1 12 
 2017  13   7.72   5.86  0.832  0.00    1 13 
 2017  14  10.57   5.67  0.853  0.00    1 14 
 2017  15   9.71   4.59  0.930  0.00    1 15 
 2017  16   4.66   3.79  0.948  0.00    1 16 
 2017  17   3.84   3.28  0.925  0.00    1 17 
 2017  18   2.11   3.76  0.906  0.00    1 18 
 2017  19   2.04   3.77  0.892  0.00    1 19 
 2017  20   3.19   4.06  0.886  0.00    1 20 
 2017  21   2.27   3.06  0.910  0.00    1 21 
 2017  22   7.67   6.11  0.867  0.00    1 22 
 2017  23   6.10   2.85  0.931  0.00    1 23 
 2017  24   3.09   3.75  0.913  0.00    1 24 
 2017  25   3.32   3.25  0.908  0.00    1 25 
 2017  26   2.59   3.58  0.899  0.00    1 26 
 2017  27   1.91   3.34  0.902  0.00    1 27 
 2017  28   1.89   4.04  0.900  0.00    1 28 
 2017  29   3.38   3.34  0.906  0.00    1 29 
 2017  30   2.59   3.10  0.915  0.00    1 30 
 2017  31   2.77   4.06  0.909  0.00    1 31 
 2017  37   2.08   2.84  0.912  0.00    2  6 
 2017  38   2.74   3.18  0.909  0.00    2  7 
 2017  39   2.34   3.06  0.913  0.00    2  8 
 2017  40   2.98   2.93  0.927  0.00    2  9 
 2017  41   2.36   2.97  0.926  0.00    2 10 
 2017  42   2.24   3.21  0.917  0.00    2 11 
 2017  43   3.28   2.75  0.914  0.00    2 12 
 2017  44   2.50   2.89  0.917  0.00    2 13 
 2017  45   2.02   3.06  0.921  0.00    2 14 
 2017  46   1.93   3.09  0.916  0.00    2 15 
 2017  47   1.50   2.54  0.911  0.00    2 16 
 2017  48   7.61   6.58  0.871  0.00    2 17 
 2017  49  10.03   3.93  0.864  0.00    2 18 
 2017  50  12.76   3.88  0.836  0.00    2 19 
 2017  51   9.46   5.51  0.932  0.00    2 20 
 2017  52   5.80   3.80  0.949  0.00    2 21 
 2017  53   5.89   7.11  0.922  0.00    2 22 
 2017  54   2.04   5.12  0.905  0.00    2 23 
 2017  55   3.27   3.21  0.922  0.00    2 24 
 2017  56   8.74   4.71  0.857  0.00    2 25 
 2017  57   4.78   3.16  0.929  0.00    2 26 
 2017  58   3.50   2.95  0.907  0.00    2 27 
 2017  59   3.16   2.69  0.917  0.00    2 28 
 2017  60   2.60   3.30  0.912  0.00    3  1 
 2017  61   3.30   3.58  0.914  0.00    3  2 
 2017  62   8.24   6.21  0.873  0.00    3  3 
 2017  63   8.23   3.80  0.932  0.00    3  4 
 2017  64   5.72   3.51  0.966  0.00    3  5 
 2017  65   3.86   3.50  0.935  0.00    3  6 
 2017  66   3.71   2.86  0.921  0.00    3  7 
 2017  67   3.10   3.13  0.914  0.00    3  8 
 2017  68   3.69   2.53  0.902  0.00    3  9 
 2017  69   3.02   3.03  0.913  0.00    3 10 
 2017  70   3.78   3.23  0.919  0.00    3 11 
 2017  71   6.72   6.18  0.884  0.00    3 12 
 2017  72   6.46   3.96  0.931  0.00    3 13 
 2017  73   3.61   2.99  0.934  0.00    3 14 
 2017  74   8.57   4.99  0.872  0.00    3 15 
 2017  75   5.18   4.12  0.934  0.00    3 16 
 2017  76   3.12   4.01  0.925  0.00    3 17 
 2017  77   2.37   3.11  0.936  0.00    3 18 
 2017  78   2.87   2.78  0.909  0.00    3 19 
 2017  79   2.15   3.49  0.922  0.00    3 20 
 2017  80   9.05   6.69  0.806  0.00    3 21 
 2017  81   9.53   3.86  0.868  0.00    3 22 
 2017  82   6.85   3.42  0.930  0.00    3 23 
 2017  83   5.54   3.09  0.933  0.00    3 24 
 2017  84   3.37   3.34  0.924  0.00    3 25 
 2017  85   3.30   3.20  0.919  0.00    3 26 
 2017  86   3.04   3.70  0.899  0.00    3 27 
 2017  87   1.67   3.23  0.908  0.00    3 28 
 2017  88   7.24   6.64  0.819  0.00    3 29 
 2017  89  16.87   5.79  0.818  0.00    3 30 
 2017  90  14.20   4.36  0.903  0.00    3 31 
 2017  95   6.83   3.05  0.931  0.00    4  5 
 2017  96   6.51   3.46  0.913  0.00    4  6 
 2017  97   6.18   2.96  0.906  0.00    4  7 
 2017  98   6.11   3.63  0.912  0.00    4  8 
 2017  99   5.85   3.62  0.897  0.00    4  9 
 2017 100   6.70   3.70  0.910  0.00    4 10 
 2017 101   6.17   4.42  0.886  0.00    4 11 
 2017 102   5.37   3.72  0.882  0.00    4 12 
 2017 103   6.38   3.70  0.888  0.00    4 13 
 2017 104   5.83   3.71  0.896  0.00    4 14 
 2017 105   6.38   3.76  0.900  0.00    4 15 
 2017 106   6.42   3.44  0.892  0.00    4 16 
 2017 107   5.70   3.27  0.901  0.00    4 17 
 2017 108   4.21   3.33  0.908  0.00    4 18 
 2017 109   4.88   3.30  0.896  0.00    4 19 
 2017 110   5.39   3.00  0.901  0.00    4 20 
 2017 111   5.40   3.27  0.906  0.00    4 21 
 2017 112   4.88   3.59  0.891  0.00    4 22 
 2017 113   4.37   3.53  0.899  0.00    4 23 
 2017 114   5.07   3.97  0.901  0.00    4 24 
 2017 115   3.96   3.09  0.892  0.00    4 25 
 2017 116   8.19   3.08  0.865  0.00    4 26 
 2017 117   6.31   2.77  0.928  0.00    4 27 
 2017 118   5.59   3.18  0.947  0.00    4 28 
 2017 119   4.44   3.16  0.915  0.00    4 29 
 2017 120   4.61   2.70  0.914  0.00    4 30 
 2017 121   4.39   3.72  0.904  0.00    5  1 
 2017 122   3.95   2.85  0.901  0.00    5  2 
 2017 123   6.09   5.07  0.881  0.00    5  3 
 2017 124  10.71   3.89  0.864  0.00    5  4 
 2017 125   8.03   2.88  0.918  0.00    5  5 
 2017 126   6.77   2.94  0.938  0.00    5  6 
 2017 127   5.22   3.63  0.936  0.00    5  7 
 2017 128   5.08   3.59  0.930  0.00    5  8 
 2017 129   9.00   5.46  0.877  0.00    5  9 
 2017 130  10.33   3.52  0.904  0.00    5 10 
 2017 131   8.48   3.24  0.941  0.00    5 11 
 2017 132   5.76   2.96  0.946  0.00    5 12 
 2017 133   4.93   2.64  0.939  0.00    5 13 
 2017 134  11.18   4.81  0.828  0.00    5 14 
 2017 135   9.81   3.04  0.905  0.00    5 15 
 2017 136   8.91   2.95  0.937  0.00    5 16 
 2017 137   6.73   3.55  0.944  0.00    5 17 
 2017 138   7.86   4.80  0.866  0.00    5 18 
 2017 139  12.52   3.96  0.828  0.00    5 19 
 2017 140   9.85   3.45  0.897  0.00    5 20 
 2017 141   8.42   2.97  0.935  0.00    5 21 
 2017 142   6.36   3.27  0.934  0.00    5 22 
 2017 143   5.94   3.75  0.940  0.00    5 23 
 2017 144   5.18   3.04  0.930  0.00    5 24 
 2017 145   4.87   3.64  0.922  0.00    5 25 
 2017 146   4.72   2.58  0.942  0.00    5 26 
 2017 147   5.02   3.67  0.927  0.00    5 27 
 2017 148   4.48   3.28  0.929  0.00    5 28 
 2017 149   5.25   3.02  0.918  0.00    5 29 
 2017 150   4.53   3.03  0.931  0.00    5 30 
 2017 151   5.62   3.15  0.930  0.00    5 31 
 2017 152   5.77   3.40  0.936  0.00    6  1 
 2017 153   5.93   3.27  0.927  0.00    6  2 
 2017 154   4.54   3.36  0.929  0.00    6  3 
 2017 155   4.80   3.95  0.938  0.00    6  4 
 2017 156   4.40   3.25  0.929  0.00    6  5 
 2017 157   4.71   4.37  0.926  0.00    6  6 
 2017 158   4.91   3.58  0.939  0.00    6  7 
 2017 159   5.29   4.29  0.924  0.00    6  8 
 2017 160   4.50   3.03  0.933  0.00    6  9 
 2017 161   4.59   2.15  0.934  0.00    6 10 
 2017 162   4.81   4.47  0.916  0.00    6 11 
 2017 163   4.65   3.08  0.914  0.00    6 12 
 2017 164   5.04   3.55  0.916  0.00    6 13 
 2017 165   4.55   3.43  0.933  0.00    6 14 
 2017 166   4.43   2.55  0.934  0.00    6 15 
 2017 167   4.58   3.65  0.930  0.00    6 16 
 2017 168   4.88   3.69  0.920  0.00    6 17 
 2017 169   4.05   2.76  0.933  0.00    6 18 
 2017 170   4.68   3.84  0.930  0.00    6 19 
 2017 171   5.21   3.03  0.930  0.00    6 20 
 2017 172   4.56   3.24  0.941  0.00    6 21 
 2017 173   4.63   3.04  0.936  0.00    6 22 
 2017 174   4.77   3.33  0.936  0.00    6 23 
 2017 175   4.90   3.94  0.930  0.00    6 24 
 2017 176   4.93   3.87  0.914  0.00    6 25 
 2017 177   5.23   4.00  0.903  0.00    6 26 
 2017 178   4.55   3.43  0.897  0.00    6 27 
 2017 179   4.24   3.43  0.891  0.00    6 28 
 2017 180  10.91   6.06  0.800  0.00    6 29 
 2017 181  11.83   3.82  0.866  0.00    6 30 
 2017 182  10.03   4.54  0.901  0.00    7  1 
 2017 183   7.84   4.11  0.891  0.00    7  2 
 2017 184  13.18   4.19  0.842  0.00    7  3 
 2017 185  11.22   4.14  0.881  0.00    7  4 
 2017 186  12.74   4.49  0.842  0.00    7  5 
 2017 187  11.83   5.28  0.849  0.00    7  6 
 2017 188  15.28   3.84  0.837  0.00    7  7 
 2017 189  14.44   3.75  0.871  0.00    7  8 
 2017 190  11.97   4.05  0.906  0.00    7  9 
 2017 191  11.84   4.21  0.878  0.00    7 10 
 2017 192  11.57   3.71  0.923  0.00    7 11 
 2017 193  10.16   4.57  0.979  0.00    7 12 
 2017 194   7.88   3.97  0.968  0.00    7 13 
 2017 195   8.05   3.36  0.913  0.00    7 14 
 2017 196  10.75   6.31  0.824  0.00    7 15 
 2017 197  13.15   4.11  0.848  0.00    7 16 
 2017 198  11.19   4.32  0.902  0.00    7 17 
 2017 199   9.39   3.74  0.927  0.00    7 18 
 2017 200   9.13   3.94  0.928  0.00    7 19 
 2017 201   8.13   3.10  0.921  0.00    7 20 
 2017 202   7.59   2.80  0.916  0.00    7 21 
 2017 203   7.25   3.65  0.937  0.00    7 22 
 2017 204   6.73   3.56  0.922  0.00    7 23 
 2017 205   7.15   3.76  0.925  0.00    7 24 
 2017 206   7.07   3.49  0.922  0.00    7 25 
 2017 207   5.99   3.34  0.904  0.00    7 26 
 2017 208   6.66   3.16  0.915  0.00    7 27 
 2017 209   6.06   3.78  0.912  0.00    7 28 
 2017 210   6.29   4.63  0.912  0.00    7 29 
 2017 211   6.38   3.20  0.912  0.00    7 30 
 2017 212   5.86   3.82  0.900  0.00    7 31 
 2017 213   6.16   4.14  0.921  0.00    8  1 
 2017 214   5.58   3.65  0.913  0.00    8  2 
 2017 215   6.82   4.69  0.852  0.00    8  3 
 2017 216   7.22   4.21  0.900  0.00    8  4 
 2017 217   6.43   3.52  0.908  0.00    8  5 
 2017 218   7.00   3.95  0.903  0.00    8  6 
 2017 219   7.34   3.79  0.902  0.00    8  7 
 2017 220   4.98   5.23  0.901  0.00    8  8 
 2017 221   5.51   4.11  0.878  0.00    8  9 
 2017 222   5.67   4.17  0.904  0.00    8 10 
 2017 223   6.40   4.50  0.898  0.00    8 11 
 2017 224   5.56   4.37  0.906  0.00    8 12 
 2017 225   5.92   4.90  0.914  0.00    8 13 
 2017 226   5.29   4.09  0.901  0.00    8 14 
 2017 227   5.43   3.91  0.886  0.00    8 15 
 2017 228   5.49   4.11  0.899  0.00    8 16 
 2017 229   5.62   4.32  0.899  0.00    8 17 
 2017 230   5.27   3.05  0.906  0.00    8 18 
 2017 231   5.92   3.92  0.913  0.00    8 19 
 2017 232   5.34   4.12  0.908  0.00    8 20 
 2017 233   4.80   4.72  0.907  0.00    8 21 
 2017 234   4.78   4.10  0.915  0.00    8 22 
 2017 235   6.08   4.46  0.894  0.00    8 23 
 2017 236   4.74   3.78  0.898  0.00    8 24 
 2017 237   5.00   4.44  0.907  0.00    8 25 
 2017 238   5.51   4.25  0.909  0.00    8 26 
 2017 239   5.46   3.88  0.919  0.00    8 27 
 2017 240   4.67   5.72  0.904  0.00    8 28 
 2017 241   5.67   4.20  0.909  0.00    8 29 
 2017 242   4.92   3.67  0.904  0.00    8 30 
 2017 243   6.75   5.69  0.917  0.00    8 31 
 2017 244   5.33   3.59  0.916  0.00    9  1 
 2017 245   4.96   3.76  0.894  0.00    9  2 
 2017 246   3.52   3.64  0.912  0.00    9  3 
 2017 247   4.39   3.53  0.908  0.00    9  4 
 2017 248   3.72   3.83  0.907  0.00    9  5 
 2017 249   4.09   4.15  0.913  0.00    9  6 
 2017 250   4.50   3.53  0.920  0.00    9  7 
 2017 251   3.90   3.59  0.905  0.00    9  8 
 2017 252   4.05   3.66  0.897  0.00    9  9 
 2017 253   3.41   4.45  0.876  0.00    9 10 
 2017 254   4.47   3.60  0.857  0.00    9 11 
 2017 255   5.04   3.83  0.856  0.00    9 12 
 2017 256   5.36   3.70  0.874  0.00    9 13 
 2017 257   5.23   5.93  0.867  0.00    9 14 
 2017 258   4.25   3.64  0.880  0.00    9 15 
 2017 259   3.93   4.24  0.872  0.00    9 16 
 2017 260   4.05   4.01  0.866  0.00    9 17 
 2017 261   3.90   4.10  0.862  0.00    9 18 
 2017 262   4.44   4.12  0.861  0.00    9 19 
 2017 263   4.30   4.28  0.876  0.00    9 20 
 2017 264   4.24   3.90  0.867  0.00    9 21 
 2017 265   4.59   3.97  0.882  0.00    9 22 
 2017 266   4.82   3.78  0.861  0.00    9 23 
 2017 267   4.37   4.60  0.857  0.00    9 24 
 2017 268   3.94   4.31  0.888  0.00    9 25 
 2017 269   3.63   4.15  0.868  0.00    9 26 
 2017 270   4.05   4.22  0.867  0.00    9 27 
 2017 271   4.40   3.55  0.872  0.00    9 28 
 2017 272   3.61   5.00  0.860  0.00    9 29 
 2017 273   4.23   3.59  0.873  0.00    9 30 
 2017 274  11.41   5.71  0.764  0.00   10  1 
 2017 275  13.64   4.63  0.807  0.00   10  2 
 2017 276  11.01   5.15  0.851  0.00   10  3 
 2017 277   8.67   4.83  0.898  0.00   10  4 
 2017 278   9.67   5.39  0.851  0.00   10  5 
 2017 279  10.09   4.82  0.846  0.00   10  6 
 2017 280  10.19   4.20  0.832  0.00   10  7 
 2017 281   9.64   4.46  0.899  0.00   10  8 
 2017 282   7.25   4.08  0.923  0.00   10  9 
 2017 283   4.55   5.05  0.908  0.00   10 10 
 2017 284   5.13   4.66  0.858  0.00   10 11 
 2017 285   7.05   3.94  0.888  0.00   10 12 
 2017 286   5.14   3.32  0.905  0.00   10 13 
 2017 287   4.01   3.20  0.902  0.00   10 14 
 2017 288   9.30   5.78  0.797  0.00   10 15 
 2017 289  13.65   5.27  0.789  0.00   10 16 
 2017 290  16.30   6.85  0.766  0.00   10 17 
 2017 291  17.46   4.95  0.790  0.00   10 18 
 2017 292  15.28   5.27  0.847  0.00   10 19 
 2017 293  15.65   7.33  0.798  0.00   10 20 
 2017 294  18.78   5.03  0.813  0.00   10 21 
 2017 295  17.46   4.81  0.872  0.00   10 22 
 2017 296  14.51   5.56  0.917  0.00   10 23 
 2017 297  12.32   4.41  0.922  0.00   10 24 
 2017 298   9.68   4.02  0.912  0.00   10 25 
 2017 299   5.96   3.66  0.911  0.00   10 26 
 2017 300   5.72   4.17  0.914  0.00   10 27 
 2017 301   4.84   3.06  0.913  0.00   10 28 
 2017 302   5.18   3.69  0.882  0.00   10 29 
 2017 303   4.85   4.49  0.857  0.00   10 30 
 2017 304   5.79   4.40  0.874  0.00   10 31 
 2017 305   4.41   4.09  0.859  0.00   11  1 
 2017 306   5.03   4.42  0.844  0.00   11  2 
 2017 307   4.34   3.97  0.853  0.00   11  3 
 2017 308   4.25   3.38  0.861  0.00   11  4 
 2017 309   4.14   3.33  0.850  0.00   11  5 
 2017 310  11.70   7.67  0.793  0.00   11  6 
 2017 311   9.85   4.27  0.837  0.00   11  7 
 2017 312   7.25   4.46  0.931  0.00   11  8 
 2017 313   4.83   3.64  0.929  0.00   11  9 
 2017 314   4.15   3.69  0.914  0.00   11 10 
 2017 315   3.28   3.70  0.905  0.00   11 11 
 2017 316   2.31   2.96  0.899  0.00   11 12 
 2017 317   3.71   3.60  0.850  0.00   11 13 
 2017 318   3.52   3.55  0.853  0.00   11 14 
 2017 319   3.41   2.69  0.853  0.00   11 15 
 2017 320   3.41   3.39  0.851  0.00   11 16 
 2017 321  10.43   7.30  0.780  0.00   11 17 
 2017 322  13.41   6.81  0.770  0.00   11 18 
 2017 323  15.13   6.23  0.764  0.00   11 19 
 2017 324  11.56   5.30  0.799  0.00   11 20 
 2017 325   8.02   4.12  0.859  0.00   11 21 
 2017 326   6.05   4.07  0.874  0.00   11 22 
 2017 327   4.51   3.37  0.881  0.00   11 23 
 2017 328   3.91   3.32  0.876  0.00   11 24 
 2017 329   2.56   2.61  0.859  0.00   11 25 
 2017 330   2.70   2.68  0.833  0.00   11 26 
 2017 331   1.61   2.50  0.849  0.00   11 27 
 2017 332   2.48   3.21  0.835  0.00   11 28 
 2017 333   2.83   3.25  0.851  0.00   11 29 
 2017 334   1.27   3.69  0.839  0.00   11 30 
 2017 335   2.44   3.34  0.828  0.00   12  1 
 2017 336   8.67   7.58  0.775  0.00   12  2 
 2017 337   8.59   4.84  0.830  0.00   12  3 
 2017 338   5.94   4.11  0.870  0.00   12  4 
 2017 339   3.86   4.90  0.858  0.00   12  5 
 2017 340   1.78   3.89  0.853  0.00   12  6 
 2017 341   0.89   4.06  0.836  0.00   12  7 
 2017 342   0.60   3.04  0.824  0.00   12  8 
 2017 343   1.63   3.49  0.828  0.00   12  9 
 2017 344   1.45   3.81  0.838  0.00   12 10 
 2017 345   2.34   2.61  0.825  0.00   12 11 
 2017 346   1.49   4.12  0.821  0.00   12 12 
 2017 347   0.94   3.44  0.823  0.00   12 13 
 2017 348   1.87   2.55  0.809  0.00   12 14 
 2017 349   0.61   3.04  0.819  0.00   12 15 
 2017 350   1.42   3.09  0.820  0.00   12 16 
 2017 351   1.56   3.22  0.821  0.00   12 17 
 2017 352   1.19   3.28  0.819  0.00   12 18 
 2017 353   1.88   3.66  0.817  0.00   12 19 
 2017 354   1.04   2.76  0.808  0.00   12 20 
 2017 355   7.28   4.83  0.774  0.00   12 21 
 2017 356   5.37   4.15  0.832  0.00   12 22 
 2017 357   2.16   3.32  0.851  0.00   12 23 
 2017 358   1.18   3.65  0.827  0.00   12 24 
 2017 359   2.26   4.07  0.820  0.00   12 25 
 2017 360   4.54   5.42  0.792  0.00   12 26 
 2017 361   1.53   3.57  0.825  0.00   12 27 
 2017 362   0.06   3.10  0.834  0.00   12 28 
 2017 363  -0.87   3.30  0.821  0.00   12 29 
 2017 364   2.20   2.83  0.790  0.00   12 30 
 2017 365   3.06   5.08  0.806  0.00   12 31 
