% Geoscience Australia GNSS Station mchl 
% FracYr Year DOY  VWC  
 2017.0055 2017   2    0.143 
 2017.0082 2017   3    0.143 
 2017.0110 2017   4    0.092 
 2017.0137 2017   5    0.078 
 2017.0164 2017   6    0.076 
 2017.0192 2017   7    0.075 
 2017.0219 2017   8    0.063 
 2017.0246 2017   9    0.060 
 2017.0274 2017  10    0.061 
 2017.0301 2017  11    0.054 
 2017.0329 2017  12    0.057 
 2017.0356 2017  13    0.133 
 2017.0383 2017  14    0.176 
 2017.0411 2017  15    0.163 
 2017.0438 2017  16    0.089 
 2017.0465 2017  17    0.077 
 2017.0493 2017  18    0.050 
 2017.0520 2017  19    0.050 
 2017.0548 2017  20    0.067 
 2017.0575 2017  21    0.054 
 2017.0602 2017  22    0.134 
 2017.0630 2017  23    0.110 
 2017.0657 2017  24    0.066 
 2017.0684 2017  25    0.069 
 2017.0712 2017  26    0.058 
 2017.0739 2017  27    0.048 
 2017.0767 2017  28    0.048 
 2017.0794 2017  29    0.069 
 2017.0821 2017  30    0.057 
 2017.0849 2017  31    0.061 
 2017.1013 2017  37    0.051 
 2017.1040 2017  38    0.061 
 2017.1068 2017  39    0.055 
 2017.1095 2017  40    0.064 
 2017.1123 2017  41    0.054 
 2017.1150 2017  42    0.053 
 2017.1177 2017  43    0.067 
 2017.1205 2017  44    0.056 
 2017.1232 2017  45    0.049 
 2017.1259 2017  46    0.048 
 2017.1287 2017  47    0.041 
 2017.1314 2017  48    0.132 
 2017.1342 2017  49    0.167 
 2017.1369 2017  50    0.207 
 2017.1396 2017  51    0.158 
 2017.1424 2017  52    0.103 
 2017.1451 2017  53    0.104 
 2017.1478 2017  54    0.048 
 2017.1506 2017  55    0.066 
 2017.1533 2017  56    0.147 
 2017.1561 2017  57    0.089 
 2017.1588 2017  58    0.070 
 2017.1615 2017  59    0.064 
 2017.1643 2017  60    0.057 
 2017.1670 2017  61    0.067 
 2017.1697 2017  62    0.140 
 2017.1725 2017  63    0.139 
 2017.1752 2017  64    0.102 
 2017.1780 2017  65    0.073 
 2017.1807 2017  66    0.071 
 2017.1834 2017  67    0.064 
 2017.1862 2017  68    0.073 
 2017.1889 2017  69    0.062 
 2017.1916 2017  70    0.073 
 2017.1944 2017  71    0.117 
 2017.1971 2017  72    0.112 
 2017.1999 2017  73    0.071 
 2017.2026 2017  74    0.145 
 2017.2053 2017  75    0.097 
 2017.2081 2017  76    0.067 
 2017.2108 2017  77    0.055 
 2017.2136 2017  78    0.062 
 2017.2163 2017  79    0.052 
 2017.2190 2017  80    0.155 
 2017.2218 2017  81    0.163 
 2017.2245 2017  82    0.123 
 2017.2272 2017  83    0.104 
 2017.2300 2017  84    0.072 
 2017.2327 2017  85    0.072 
 2017.2355 2017  86    0.068 
 2017.2382 2017  87    0.048 
 2017.2409 2017  88    0.131 
 2017.2437 2017  89    0.274 
 2017.2464 2017  90    0.234 
 2017.2601 2017  95    0.125 
 2017.2628 2017  96    0.121 
 2017.2656 2017  97    0.117 
 2017.2683 2017  98    0.116 
 2017.2710 2017  99    0.112 
 2017.2738 2017 100    0.123 
 2017.2765 2017 101    0.115 
 2017.2793 2017 102    0.104 
 2017.2820 2017 103    0.119 
 2017.2847 2017 104    0.111 
 2017.2875 2017 105    0.119 
 2017.2902 2017 106    0.119 
 2017.2930 2017 107    0.109 
 2017.2957 2017 108    0.085 
 2017.2984 2017 109    0.094 
 2017.3012 2017 110    0.102 
 2017.3039 2017 111    0.103 
 2017.3066 2017 112    0.095 
 2017.3094 2017 113    0.087 
 2017.3121 2017 114    0.097 
 2017.3149 2017 115    0.081 
 2017.3176 2017 116    0.143 
 2017.3203 2017 117    0.115 
 2017.3231 2017 118    0.103 
 2017.3258 2017 119    0.085 
 2017.3285 2017 120    0.089 
 2017.3313 2017 121    0.085 
 2017.3340 2017 122    0.078 
 2017.3368 2017 123    0.109 
 2017.3395 2017 124    0.178 
 2017.3422 2017 125    0.140 
 2017.3450 2017 126    0.121 
 2017.3477 2017 127    0.098 
 2017.3504 2017 128    0.095 
 2017.3532 2017 129    0.152 
 2017.3559 2017 130    0.171 
 2017.3587 2017 131    0.143 
 2017.3614 2017 132    0.102 
 2017.3641 2017 133    0.090 
 2017.3669 2017 134    0.182 
 2017.3696 2017 135    0.162 
 2017.3723 2017 136    0.148 
 2017.3751 2017 137    0.116 
 2017.3778 2017 138    0.132 
 2017.3806 2017 139    0.200 
 2017.3833 2017 140    0.160 
 2017.3860 2017 141    0.138 
 2017.3888 2017 142    0.108 
 2017.3915 2017 143    0.102 
 2017.3943 2017 144    0.090 
 2017.3970 2017 145    0.085 
 2017.3997 2017 146    0.082 
 2017.4025 2017 147    0.087 
 2017.4052 2017 148    0.079 
 2017.4079 2017 149    0.091 
 2017.4107 2017 150    0.079 
 2017.4134 2017 151    0.095 
 2017.4162 2017 152    0.097 
 2017.4189 2017 153    0.099 
 2017.4216 2017 154    0.078 
 2017.4244 2017 155    0.080 
 2017.4271 2017 156    0.074 
 2017.4298 2017 157    0.078 
 2017.4326 2017 158    0.081 
 2017.4353 2017 159    0.087 
 2017.4381 2017 160    0.075 
 2017.4408 2017 161    0.076 
 2017.4435 2017 162    0.080 
 2017.4463 2017 163    0.078 
 2017.4490 2017 164    0.084 
 2017.4517 2017 165    0.077 
 2017.4545 2017 166    0.078 
 2017.4572 2017 167    0.081 
 2017.4600 2017 168    0.086 
 2017.4627 2017 169    0.075 
 2017.4654 2017 170    0.085 
 2017.4682 2017 171    0.094 
 2017.4709 2017 172    0.086 
 2017.4736 2017 173    0.088 
 2017.4764 2017 174    0.092 
 2017.4791 2017 175    0.095 
 2017.4819 2017 176    0.096 
 2017.4846 2017 177    0.101 
 2017.4873 2017 178    0.091 
 2017.4901 2017 179    0.085 
 2017.4928 2017 180    0.183 
 2017.4956 2017 181    0.197 
 2017.4983 2017 182    0.172 
 2017.5010 2017 183    0.141 
 2017.5038 2017 184    0.221 
 2017.5065 2017 185    0.192 
 2017.5092 2017 186    0.214 
 2017.5120 2017 187    0.201 
 2017.5147 2017 188    0.252 
 2017.5175 2017 189    0.240 
 2017.5202 2017 190    0.204 
 2017.5229 2017 191    0.202 
 2017.5257 2017 192    0.198 
 2017.5284 2017 193    0.177 
 2017.5311 2017 194    0.143 
 2017.5339 2017 195    0.145 
 2017.5366 2017 196    0.183 
 2017.5394 2017 197    0.218 
 2017.5421 2017 198    0.189 
 2017.5448 2017 199    0.162 
 2017.5476 2017 200    0.156 
 2017.5503 2017 201    0.142 
 2017.5530 2017 202    0.133 
 2017.5558 2017 203    0.127 
 2017.5585 2017 204    0.118 
 2017.5613 2017 205    0.124 
 2017.5640 2017 206    0.123 
 2017.5667 2017 207    0.107 
 2017.5695 2017 208    0.117 
 2017.5722 2017 209    0.110 
 2017.5749 2017 210    0.114 
 2017.5777 2017 211    0.115 
 2017.5804 2017 212    0.106 
 2017.5832 2017 213    0.110 
 2017.5859 2017 214    0.102 
 2017.5886 2017 215    0.121 
 2017.5914 2017 216    0.127 
 2017.5941 2017 217    0.115 
 2017.5969 2017 218    0.124 
 2017.5996 2017 219    0.129 
 2017.6023 2017 220    0.095 
 2017.6051 2017 221    0.103 
 2017.6078 2017 222    0.106 
 2017.6105 2017 223    0.116 
 2017.6133 2017 224    0.104 
 2017.6160 2017 225    0.109 
 2017.6188 2017 226    0.100 
 2017.6215 2017 227    0.102 
 2017.6242 2017 228    0.103 
 2017.6270 2017 229    0.105 
 2017.6297 2017 230    0.100 
 2017.6324 2017 231    0.109 
 2017.6352 2017 232    0.100 
 2017.6379 2017 233    0.092 
 2017.6407 2017 234    0.092 
 2017.6434 2017 235    0.111 
 2017.6461 2017 236    0.091 
 2017.6489 2017 237    0.094 
 2017.6516 2017 238    0.102 
 2017.6543 2017 239    0.101 
 2017.6571 2017 240    0.090 
 2017.6598 2017 241    0.106 
 2017.6626 2017 242    0.096 
 2017.6653 2017 243    0.123 
 2017.6680 2017 244    0.102 
 2017.6708 2017 245    0.097 
 2017.6735 2017 246    0.077 
 2017.6762 2017 247    0.090 
 2017.6790 2017 248    0.081 
 2017.6817 2017 249    0.087 
 2017.6845 2017 250    0.094 
 2017.6872 2017 251    0.085 
 2017.6899 2017 252    0.088 
 2017.6927 2017 253    0.080 
 2017.6954 2017 254    0.096 
 2017.6982 2017 255    0.105 
 2017.7009 2017 256    0.110 
 2017.7036 2017 257    0.109 
 2017.7064 2017 258    0.095 
 2017.7091 2017 259    0.091 
 2017.7118 2017 260    0.095 
 2017.7146 2017 261    0.095 
 2017.7173 2017 262    0.104 
 2017.7201 2017 263    0.102 
 2017.7228 2017 264    0.102 
 2017.7255 2017 265    0.108 
 2017.7283 2017 266    0.113 
 2017.7310 2017 267    0.106 
 2017.7337 2017 268    0.100 
 2017.7365 2017 269    0.095 
 2017.7392 2017 270    0.101 
 2017.7420 2017 271    0.105 
 2017.7447 2017 272    0.093 
 2017.7474 2017 273    0.102 
 2017.7502 2017 274    0.209 
 2017.7529 2017 275    0.244 
 2017.7556 2017 276    0.207 
 2017.7584 2017 277    0.173 
 2017.7611 2017 278    0.188 
 2017.7639 2017 279    0.196 
 2017.7666 2017 280    0.198 
 2017.7693 2017 281    0.190 
 2017.7721 2017 282    0.154 
 2017.7748 2017 283    0.113 
 2017.7775 2017 284    0.121 
 2017.7803 2017 285    0.149 
 2017.7830 2017 286    0.120 
 2017.7858 2017 287    0.102 
 2017.7885 2017 288    0.180 
 2017.7912 2017 289    0.245 
 2017.7940 2017 290    0.282 
 2017.7967 2017 291    0.298 
 2017.7995 2017 292    0.266 
 2017.8022 2017 293    0.273 
 2017.8049 2017 294    0.319 
 2017.8077 2017 295    0.299 
 2017.8104 2017 296    0.256 
 2017.8131 2017 297    0.225 
 2017.8159 2017 298    0.185 
 2017.8186 2017 299    0.130 
 2017.8214 2017 300    0.126 
 2017.8241 2017 301    0.112 
 2017.8268 2017 302    0.117 
 2017.8296 2017 303    0.113 
 2017.8323 2017 304    0.126 
 2017.8350 2017 305    0.105 
 2017.8378 2017 306    0.113 
 2017.8405 2017 307    0.103 
 2017.8433 2017 308    0.103 
 2017.8460 2017 309    0.101 
 2017.8487 2017 310    0.214 
 2017.8515 2017 311    0.186 
 2017.8542 2017 312    0.149 
 2017.8569 2017 313    0.114 
 2017.8597 2017 314    0.104 
 2017.8624 2017 315    0.092 
 2017.8652 2017 316    0.079 
 2017.8679 2017 317    0.101 
 2017.8706 2017 318    0.099 
 2017.8734 2017 319    0.097 
 2017.8761 2017 320    0.098 
 2017.8789 2017 321    0.202 
 2017.8816 2017 322    0.248 
 2017.8843 2017 323    0.273 
 2017.8871 2017 324    0.220 
 2017.8898 2017 325    0.168 
 2017.8925 2017 326    0.138 
 2017.8953 2017 327    0.115 
 2017.8980 2017 328    0.108 
 2017.9008 2017 329    0.090 
 2017.9035 2017 330    0.093 
 2017.9062 2017 331    0.078 
 2017.9090 2017 332    0.092 
 2017.9117 2017 333    0.098 
 2017.9144 2017 334    0.076 
 2017.9172 2017 335    0.094 
 2017.9199 2017 336    0.186 
 2017.9227 2017 337    0.184 
 2017.9254 2017 338    0.144 
 2017.9281 2017 339    0.113 
 2017.9309 2017 340    0.082 
 2017.9336 2017 341    0.070 
 2017.9363 2017 342    0.066 
 2017.9391 2017 343    0.082 
 2017.9418 2017 344    0.080 
 2017.9446 2017 345    0.094 
 2017.9473 2017 346    0.082 
 2017.9500 2017 347    0.074 
 2017.9528 2017 348    0.088 
 2017.9555 2017 349    0.070 
 2017.9582 2017 350    0.083 
 2017.9610 2017 351    0.085 
 2017.9637 2017 352    0.080 
 2017.9665 2017 353    0.090 
 2017.9692 2017 354    0.078 
 2017.9719 2017 355    0.171 
 2017.9747 2017 356    0.144 
 2017.9774 2017 357    0.097 
 2017.9802 2017 358    0.082 
 2017.9829 2017 359    0.098 
 2017.9856 2017 360    0.131 
 2017.9884 2017 361    0.088 
 2017.9911 2017 362    0.066 
 2017.9938 2017 363    0.053 
 2017.9966 2017 364    0.098 
 2017.9993 2017 365    0.111 
