% calculated on 2021-01-28 10:20 
% year doy   RH    numval month day RH-sigma
% year doy   (m)                      (m)
% (1)  (2)   (3)    (4)    (5)  (6)   (7)
 2013     1   7.325  32    1    1   0.048 
 2013     2   7.391  27    1    2   0.042 
 2013     3   7.320  34    1    3   0.053 
 2013     5   7.407  22    1    5   0.048 
 2013     6   7.387  38    1    6   0.045 
 2013    11   7.389  27    1   11   0.042 
 2013    14   7.350  30    1   14   0.070 
 2013    17   7.366  25    1   17   0.061 
 2013    18   7.396  20    1   18   0.042 
 2013    19   7.419  31    1   19   0.049 
 2013    20   7.344  34    1   20   0.056 
 2013    21   7.367  30    1   21   0.050 
 2013    22   7.354  32    1   22   0.080 
 2013    23   7.354  35    1   23   0.080 
 2013    24   7.345  36    1   24   0.066 
 2013    25   7.351  37    1   25   0.074 
 2013    26   7.327  36    1   26   0.072 
 2013    27   7.361  31    1   27   0.045 
 2013    28   7.360  34    1   28   0.064 
 2013    29   7.381  29    1   29   0.099 
 2013    30   7.368  28    1   30   0.093 
 2013    31   7.400  32    1   31   0.065 
 2013    32   7.325  30    2    1   0.103 
 2013    33   7.369  31    2    2   0.085 
 2013    34   7.347  28    2    3   0.039 
 2013    35   7.352  31    2    4   0.078 
 2013    36   7.406  28    2    5   0.049 
 2013    37   7.375  30    2    6   0.062 
 2013    38   7.430  35    2    7   0.064 
 2013    39   7.372  33    2    8   0.030 
 2013    40   7.393  35    2    9   0.067 
 2013    41   7.402  31    2   10   0.048 
 2013    42   7.421  33    2   11   0.068 
 2013    43   7.380  32    2   12   0.078 
 2013    44   7.326  20    2   13   0.087 
 2013    45   7.370  30    2   14   0.053 
 2013    46   7.353  32    2   15   0.070 
 2013    47   7.367  39    2   16   0.053 
 2013    48   7.392  36    2   17   0.047 
 2013    49   7.415  32    2   18   0.066 
 2013    50   7.353  30    2   19   0.058 
 2013    51   7.386  27    2   20   0.056 
 2013    52   7.384  30    2   21   0.063 
 2013    53   7.410  34    2   22   0.076 
 2013    54   7.350  30    2   23   0.053 
 2013    55   7.363  33    2   24   0.055 
 2013    56   7.382  32    2   25   0.038 
 2013    57   7.403  32    2   26   0.049 
 2013    58   7.428  34    2   27   0.037 
 2013    59   7.472  26    2   28   0.031 
 2013    60   7.417  30    3    1   0.050 
 2013    61   7.404  34    3    2   0.074 
 2013    62   7.395  32    3    3   0.045 
 2013    63   7.388  26    3    4   0.068 
 2013    64   7.401  31    3    5   0.054 
 2013    65   7.398  32    3    6   0.052 
 2013    66   7.412  30    3    7   0.058 
 2013    67   7.444  29    3    8   0.079 
 2013    68   7.438  34    3    9   0.070 
 2013    69   7.421  28    3   10   0.067 
 2013    70   7.497  30    3   11   0.074 
 2013    71   7.403  30    3   12   0.060 
 2013    72   7.361  30    3   13   0.059 
 2013    73   7.404  30    3   14   0.054 
 2013    74   7.427  27    3   15   0.055 
 2013    75   7.410  30    3   16   0.079 
 2013    76   7.409  31    3   17   0.088 
 2013    77   7.488  34    3   18   0.057 
 2013    78   7.439  25    3   19   0.078 
 2013    79   7.405  17    3   20   0.066 
 2013    80   7.408  31    3   21   0.085 
 2013    81   7.456  30    3   22   0.038 
 2013    82   7.427  25    3   23   0.098 
 2013    83   7.407  33    3   24   0.082 
 2013    84   7.463  32    3   25   0.058 
 2013    85   7.443  32    3   26   0.036 
 2013    86   7.453  30    3   27   0.027 
 2013    87   7.474  29    3   28   0.027 
 2013    88   7.481  32    3   29   0.028 
 2013    89   7.500  28    3   30   0.038 
 2013    90   7.438  23    3   31   0.057 
 2013    91   7.438  25    4    1   0.036 
 2013    92   7.449  29    4    2   0.039 
 2013    96   7.533  32    4    6   0.054 
 2013    97   7.443  33    4    7   0.051 
 2013   106   7.435  25    4   16   0.068 
 2013   118   7.434  30    4   28   0.043 
 2013   119   7.409  31    4   29   0.040 
 2013   120   7.419  32    4   30   0.058 
 2013   121   7.368  24    5    1   0.083 
 2013   122   7.344  29    5    2   0.053 
 2013   123   7.359  33    5    3   0.049 
 2013   135   7.277  21    5   15   0.084 
 2013   136   7.280  28    5   16   0.049 
 2013   139   7.284  32    5   19   0.044 
 2013   140   7.327  27    5   20   0.070 
 2013   141   7.257  31    5   21   0.061 
 2013   142   7.187  32    5   22   0.076 
 2013   143   7.178  30    5   23   0.047 
 2013   144   7.167  34    5   24   0.045 
 2013   145   7.170  32    5   25   0.048 
 2013   146   7.166  32    5   26   0.065 
 2013   147   7.162  29    5   27   0.046 
 2013   148   7.168  30    5   28   0.037 
 2013   149   7.159  33    5   29   0.045 
 2013   150   7.185  29    5   30   0.050 
 2013   151   7.169  30    5   31   0.035 
 2013   152   7.109  30    6    1   0.058 
 2013   153   7.077  34    6    2   0.053 
 2013   154   7.078  31    6    3   0.057 
 2013   155   7.111  32    6    4   0.068 
 2013   156   7.127  33    6    5   0.052 
 2013   157   7.121  32    6    6   0.040 
 2013   158   7.110  33    6    7   0.051 
 2013   159   7.111  31    6    8   0.037 
 2013   160   7.125  31    6    9   0.029 
 2013   161   7.126  31    6   10   0.030 
 2013   162   7.116  30    6   11   0.036 
 2013   163   7.103  31    6   12   0.054 
 2013   164   7.082  31    6   13   0.029 
 2013   165   7.105  30    6   14   0.035 
 2013   166   7.118  31    6   15   0.049 
 2013   167   7.125  28    6   16   0.051 
 2013   168   7.104  33    6   17   0.037 
 2013   169   7.096  31    6   18   0.034 
 2013   170   7.115  33    6   19   0.037 
 2013   171   7.105  31    6   20   0.034 
 2013   172   7.086  33    6   21   0.067 
 2013   173   7.085  26    6   22   0.073 
 2013   174   7.068  31    6   23   0.100 
 2013   175   7.095  30    6   24   0.043 
 2013   176   7.060  32    6   25   0.050 
 2013   177   7.068  32    6   26   0.058 
 2013   178   7.028  30    6   27   0.039 
 2013   179   7.057  32    6   28   0.040 
 2013   180   7.046  30    6   29   0.026 
 2013   181   7.046  29    6   30   0.028 
 2013   182   7.053  33    7    1   0.042 
 2013   183   7.056  32    7    2   0.044 
 2013   184   7.061  33    7    3   0.045 
 2013   185   7.071  32    7    4   0.028 
 2013   186   7.063  32    7    5   0.049 
 2013   187   7.073  32    7    6   0.031 
 2013   188   7.041  33    7    7   0.039 
 2013   189   7.039  30    7    8   0.047 
 2013   190   7.038  33    7    9   0.058 
 2013   191   7.003  30    7   10   0.072 
 2013   192   7.012  31    7   11   0.044 
 2013   193   7.024  34    7   12   0.051 
 2013   194   7.020  26    7   13   0.056 
 2013   195   7.026  33    7   14   0.040 
 2013   197   7.011  34    7   16   0.047 
 2013   198   6.993  32    7   17   0.035 
 2013   199   6.996  30    7   18   0.072 
 2013   201   6.928  31    7   20   0.053 
 2013   202   6.950  31    7   21   0.040 
 2013   203   6.963  26    7   22   0.064 
 2013   204   6.901  27    7   23   0.053 
 2013   205   6.954  32    7   24   0.038 
 2013   206   6.963  32    7   25   0.046 
 2013   207   6.934  32    7   26   0.043 
 2013   208   6.910  32    7   27   0.046 
 2013   209   6.879  29    7   28   0.043 
 2013   210   6.891  31    7   29   0.031 
 2013   211   6.918  33    7   30   0.048 
 2013   212   6.912  30    7   31   0.053 
 2013   213   6.872  33    8    1   0.026 
 2013   214   6.888  30    8    2   0.023 
 2013   215   6.856  34    8    3   0.054 
 2013   216   6.882  32    8    4   0.037 
 2013   217   6.914  30    8    5   0.030 
 2013   218   6.926  32    8    6   0.044 
 2013   219   6.867  33    8    7   0.038 
 2013   220   6.890  34    8    8   0.052 
 2013   221   6.873  31    8    9   0.038 
 2013   222   6.882  32    8   10   0.048 
 2013   223   6.883  33    8   11   0.057 
 2013   224   6.896  37    8   12   0.046 
 2013   225   6.889  37    8   13   0.046 
 2013   226   6.900  33    8   14   0.033 
 2013   227   6.890  29    8   15   0.040 
 2013   228   6.921  37    8   16   0.047 
 2013   229   6.925  37    8   17   0.042 
 2013   230   6.908  36    8   18   0.055 
 2013   231   6.926  34    8   19   0.045 
 2013   232   6.916  35    8   20   0.050 
 2013   233   6.906  36    8   21   0.061 
 2013   234   6.900  32    8   22   0.073 
 2013   235   6.925  35    8   23   0.050 
 2013   236   6.949  36    8   24   0.056 
 2013   238   6.881  25    8   26   0.113 
 2013   239   6.917  34    8   27   0.074 
 2013   240   6.887  36    8   28   0.062 
 2013   241   6.893  34    8   29   0.052 
 2013   242   6.889  27    8   30   0.063 
 2013   243   6.894  34    8   31   0.043 
 2013   244   6.868  31    9    1   0.049 
 2013   245   6.802  31    9    2   0.029 
 2013   246   6.847  29    9    3   0.027 
 2013   247   6.860  31    9    4   0.046 
 2013   248   6.879  29    9    5   0.024 
 2013   249   6.853  11    9    6   0.070 
 2013   250   6.861  21    9    7   0.033 
 2013   251   6.874  32    9    8   0.030 
 2013   252   6.875  26    9    9   0.057 
 2013   253   6.821  21    9   10   0.078 
 2013   254   6.846  28    9   11   0.044 
 2013   255   6.828  32    9   12   0.038 
 2013   256   6.865  34    9   13   0.027 
 2013   257   6.894  21    9   14   0.063 
 2013   258   6.874  26    9   15   0.031 
 2013   259   6.873  35    9   16   0.042 
 2013   260   6.884  21    9   17   0.043 
 2013   261   6.895  17    9   18   0.068 
 2013   262   6.899  33    9   19   0.054 
 2013   263   6.835  26    9   20   0.071 
 2013   264   6.834  31    9   21   0.034 
 2013   265   6.874  23    9   22   0.029 
 2013   266   6.906  33    9   23   0.031 
 2013   267   6.903  30    9   24   0.029 
 2013   268   6.888  34    9   25   0.027 
 2013   269   6.898  34    9   26   0.024 
 2013   270   6.921  33    9   27   0.028 
 2013   271   6.945  26    9   28   0.056 
 2013   272   6.853  20    9   29   0.063 
 2013   273   6.897  25    9   30   0.036 
 2013   274   6.884  18   10    1   0.051 
 2013   294   6.868  31   10   21   0.039 
 2013   295   6.854  20   10   22   0.070 
 2013   296   6.880  35   10   23   0.045 
 2013   297   6.891  33   10   24   0.026 
 2013   298   6.918  31   10   25   0.039 
 2013   300   6.919  32   10   27   0.028 
 2013   301   6.942  34   10   28   0.033 
 2013   302   6.945  33   10   29   0.041 
 2013   303   6.959  22   10   30   0.058 
 2013   304   6.959  28   10   31   0.043 
 2013   305   6.904  34   11    1   0.037 
 2013   306   6.954  35   11    2   0.036 
 2013   307   6.990  35   11    3   0.053 
 2013   308   7.006  16   11    4   0.052 
 2013   310   6.959  22   11    6   0.061 
 2013   311   6.910  34   11    7   0.045 
 2013   312   6.935  34   11    8   0.053 
 2013   313   6.992  33   11    9   0.074 
 2013   314   6.893  29   11   10   0.044 
 2013   316   6.922  31   11   12   0.044 
 2013   319   6.947  26   11   15   0.039 
 2013   320   6.992  25   11   16   0.043 
 2013   321   6.960  15   11   17   0.065 
 2013   322   6.790  22   11   18   0.088 
 2013   323   6.936  29   11   19   0.048 
 2013   324   6.993  15   11   20   0.042 
 2013   325   6.959  21   11   21   0.050 
 2013   326   6.946  32   11   22   0.055 
 2013   327   6.904  29   11   23   0.056 
 2013   328   6.974  32   11   24   0.046 
 2013   331   6.974  34   11   27   0.039 
 2013   332   7.003  33   11   28   0.043 
 2013   333   6.992  31   11   29   0.029 
 2013   335   7.003  33   12    1   0.036 
 2013   336   7.029  34   12    2   0.039 
 2013   337   7.056  31   12    3   0.041 
 2013   338   7.060  30   12    4   0.083 
 2013   341   6.915  18   12    7   0.058 
 2013   343   6.976  29   12    9   0.057 
 2013   345   6.933  23   12   11   0.032 
 2013   347   6.979  27   12   13   0.081 
 2013   348   7.039  33   12   14   0.046 
 2013   350   6.992  34   12   16   0.071 
 2013   352   7.002  30   12   18   0.065 
 2013   361   7.010  29   12   27   0.074 
 2013   363   7.083  30   12   29   0.046 
 2013   364   6.987  37   12   30   0.063 
 2013   365   7.002  35   12   31   0.068 
