% calculated on 2021-03-20 12:32 
% year doy   RH    numval month day RH-sigma
% year doy   (m)                      (m)
% (1)  (2)   (3)    (4)    (5)  (6)   (7)
 2009   245   3.074  18    9    2   0.074 
 2009   246   3.087  17    9    3   0.085 
 2009   247   3.077  20    9    4   0.080 
 2009   248   3.081  18    9    5   0.084 
 2009   249   3.098  18    9    6   0.087 
 2009   250   3.083  19    9    7   0.077 
 2009   251   3.091  21    9    8   0.087 
 2009   252   3.082  18    9    9   0.075 
 2009   253   3.112  22    9   10   0.101 
 2009   254   3.081  19    9   11   0.079 
 2009   255   3.086  17    9   12   0.093 
 2009   256   3.096  17    9   13   0.099 
 2009   257   3.120  21    9   14   0.116 
 2009   258   3.112  22    9   15   0.112 
 2009   259   3.129  19    9   16   0.110 
 2009   260   3.138  28    9   17   0.101 
 2009   261   3.134  29    9   18   0.093 
 2009   262   3.120  28    9   19   0.097 
 2009   263   3.127  30    9   20   0.095 
 2009   264   3.078  24    9   21   0.078 
 2009   266   3.047  22    9   23   0.051 
 2009   267   3.020  32    9   24   0.069 
 2009   268   3.041  39    9   25   0.086 
 2009   269   3.048  39    9   26   0.083 
 2009   270   3.136  31    9   27   0.103 
 2009   271   3.123  30    9   28   0.096 
 2009   272   3.127  28    9   29   0.107 
 2009   273   3.119  29    9   30   0.098 
 2009   274   3.093  18   10    1   0.069 
 2009   275   3.103  21   10    2   0.100 
 2009   276   3.116  31   10    3   0.104 
 2009   277   3.129  33   10    4   0.111 
 2009   278   3.070  27   10    5   0.072 
 2009   279   3.063  30   10    6   0.087 
 2009   280   3.059  41   10    7   0.084 
 2009   281   3.071  36   10    8   0.073 
 2009   282   3.056  37   10    9   0.077 
 2009   283   3.016  23   10   10   0.070 
 2009   284   3.060  41   10   11   0.079 
 2009   285   3.060  42   10   12   0.081 
 2009   286   3.047  11   10   13   0.078 
 2009   287   3.029  17   10   14   0.078 
 2009   288   3.017  30   10   15   0.090 
 2009   289   2.961  24   10   16   0.121 
 2009   290   2.918  40   10   17   0.150 
 2009   291   2.939  36   10   18   0.148 
 2009   292   2.972  35   10   19   0.131 
 2009   293   2.984  39   10   20   0.135 
 2009   294   2.927  25   10   21   0.110 
 2009   295   2.872  28   10   22   0.125 
 2009   296   2.877  32   10   23   0.117 
 2009   297   2.944  33   10   24   0.127 
 2009   298   2.938  29   10   25   0.132 
 2009   299   2.923  30   10   26   0.121 
 2009   300   2.910  34   10   27   0.106 
 2009   301   2.669  12   10   28   0.131 
 2009   302   2.566  19   10   29   0.129 
 2009   303   2.580  26   10   30   0.091 
 2009   304   2.775  30   10   31   0.123 
 2009   305   2.861  23   11    1   0.093 
 2009   306   2.862  27   11    2   0.088 
 2009   307   2.876  26   11    3   0.091 
 2009   308   2.887  18   11    4   0.114 
 2009   309   2.918  19   11    5   0.123 
 2009   310   2.972  20   11    6   0.126 
 2009   311   2.985  21   11    7   0.131 
 2009   312   3.018  22   11    8   0.144 
 2009   313   3.019  21   11    9   0.143 
 2009   314   3.000  20   11   10   0.140 
 2009   315   3.035  25   11   11   0.150 
 2009   316   3.027  25   11   12   0.149 
 2009   317   3.057  23   11   13   0.142 
 2009   318   3.023  24   11   14   0.106 
 2009   320   2.843  18   11   16   0.063 
 2009   321   2.873  36   11   17   0.098 
 2009   322   2.889  34   11   18   0.092 
 2009   323   2.904  41   11   19   0.087 
 2009   324   2.901  40   11   20   0.086 
 2009   325   2.926  30   11   21   0.120 
 2009   326   3.031  23   11   22   0.162 
 2009   327   3.060  21   11   23   0.160 
 2009   328   3.024  26   11   24   0.151 
 2009   329   3.031  26   11   25   0.144 
 2009   330   3.050  22   11   26   0.142 
 2009   331   3.043  24   11   27   0.131 
 2009   332   3.043  24   11   28   0.134 
 2009   333   3.041  25   11   29   0.135 
 2009   334   3.039  27   11   30   0.131 
 2009   335   3.054  25   12    1   0.127 
 2009   336   3.050  21   12    2   0.125 
 2009   337   2.995  19   12    3   0.129 
 2009   338   3.040  28   12    4   0.144 
 2009   339   3.046  26   12    5   0.124 
 2009   340   3.056  26   12    6   0.131 
 2009   341   2.991  27   12    7   0.129 
 2009   342   2.954  35   12    8   0.089 
 2009   343   2.954  29   12    9   0.138 
 2009   344   3.032  32   12   10   0.143 
 2009   345   3.034  32   12   11   0.126 
 2009   346   3.031  35   12   12   0.130 
 2009   347   3.023  27   12   13   0.137 
 2009   348   2.820  29   12   14   0.123 
 2009   349   2.802  29   12   15   0.152 
 2009   351   2.683  13   12   17   0.154 
 2009   352   2.653  19   12   18   0.117 
 2009   353   2.690  18   12   19   0.143 
 2009   354   2.691  11   12   20   0.151 
 2009   355   3.001  13   12   21   0.116 
 2009   356   2.974  17   12   22   0.143 
 2009   358   2.873  15   12   24   0.149 
 2009   359   2.980  25   12   25   0.131 
 2009   360   3.008  33   12   26   0.118 
 2009   361   3.009  33   12   27   0.121 
 2009   362   3.020  34   12   28   0.119 
 2009   363   3.008  35   12   29   0.124 
 2009   364   3.019  35   12   30   0.118 
 2009   365   2.999  34   12   31   0.129 
 2010     1   3.016  34    1    1   0.116 
 2010     2   3.035  31    1    2   0.118 
 2010     3   2.957  28    1    3   0.127 
 2010     4   2.993  29    1    4   0.144 
 2010     5   3.006  34    1    5   0.125 
 2010     6   2.898  35    1    6   0.157 
 2010     7   2.971  30    1    7   0.143 
 2010     8   3.001  34    1    8   0.113 
 2010     9   3.004  36    1    9   0.136 
 2010    10   3.017  35    1   10   0.126 
 2010    11   3.017  36    1   11   0.125 
 2010    12   3.018  35    1   12   0.124 
 2010    13   3.052  35    1   13   0.113 
 2010    14   3.051  34    1   14   0.107 
 2010    15   3.046  36    1   15   0.103 
 2010    16   3.046  34    1   16   0.107 
 2010    17   3.044  34    1   17   0.104 
 2010    18   3.052  34    1   18   0.104 
 2010    19   3.052  37    1   19   0.102 
 2010    20   3.056  34    1   20   0.104 
 2010    21   3.046  34    1   21   0.106 
 2010    22   3.058  33    1   22   0.097 
 2010    23   3.049  32    1   23   0.104 
 2010    24   3.052  32    1   24   0.100 
 2010    25   3.053  35    1   25   0.096 
 2010    26   3.038  36    1   26   0.106 
 2010    27   3.048  34    1   27   0.098 
 2010    28   3.012  19    1   28   0.110 
 2010    29   3.032  20    1   29   0.111 
 2010    30   3.029  22    1   30   0.109 
 2010    48   2.950  27    2   17   0.151 
 2010    49   2.939  27    2   18   0.169 
 2010    50   2.778  21    2   19   0.083 
 2010    51   2.795  20    2   20   0.133 
 2010    52   2.676  20    2   21   0.108 
 2010    53   2.652  33    2   22   0.102 
 2010    54   2.701  29    2   23   0.113 
 2010    55   2.743  31    2   24   0.107 
 2010    56   2.786  40    2   25   0.103 
 2010    57   2.777  41    2   26   0.101 
 2010    58   2.795  41    2   27   0.102 
 2010    59   2.790  35    2   28   0.112 
 2010    60   2.738  30    3    1   0.123 
 2010    61   2.711  33    3    2   0.074 
 2010    62   2.763  36    3    3   0.072 
 2010    63   2.772  39    3    4   0.080 
 2010    64   2.764  35    3    5   0.064 
 2010    65   2.788  14    3    6   0.161 
 2010    66   2.790  28    3    7   0.133 
 2010    67   2.771  31    3    8   0.136 
 2010    68   2.703  32    3    9   0.134 
 2010    69   2.698  32    3   10   0.095 
 2010    70   2.697  33    3   11   0.094 
 2010    71   2.734  32    3   12   0.098 
 2010    72   2.783  34    3   13   0.099 
 2010    73   2.793  33    3   14   0.100 
 2010    74   2.759  18    3   15   0.111 
 2010    75   2.771  22    3   16   0.115 
 2010    76   2.764  32    3   17   0.109 
 2010    77   2.772  35    3   18   0.086 
 2010    78   2.677  33    3   19   0.131 
 2010    79   2.596  34    3   20   0.069 
 2010    80   2.660  30    3   21   0.083 
 2010    81   2.680  39    3   22   0.093 
 2010    82   2.708  35    3   23   0.091 
 2010    84   2.408  22    3   25   0.147 
 2010    85   2.508  22    3   26   0.101 
 2010    86   2.552  24    3   27   0.067 
 2010    87   2.529  30    3   28   0.080 
 2010    88   2.538  38    3   29   0.071 
 2010    89   2.568  34    3   30   0.069 
 2010    90   2.623  39    3   31   0.068 
 2010    91   2.625  40    4    1   0.069 
 2010    92   2.511  33    4    2   0.099 
 2010    93   2.527  27    4    3   0.097 
 2010    94   2.407  20    4    4   0.065 
 2010    95   2.442  34    4    5   0.080 
 2010    96   2.378  36    4    6   0.100 
 2010    97   2.432  34    4    7   0.098 
 2010    98   2.414  38    4    8   0.085 
 2010    99   2.425  39    4    9   0.086 
 2010   100   2.429  38    4   10   0.073 
 2010   101   2.439  38    4   11   0.075 
 2010   102   2.467  39    4   12   0.085 
 2010   103   2.462  37    4   13   0.091 
 2010   104   2.374  37    4   14   0.090 
 2010   105   2.357  38    4   15   0.076 
 2010   106   2.384  37    4   16   0.068 
 2010   107   2.381  33    4   17   0.063 
 2010   108   2.415  36    4   18   0.074 
 2010   109   2.430  38    4   19   0.057 
 2010   110   2.452  40    4   20   0.061 
 2010   111   2.465  39    4   21   0.063 
 2010   112   2.341  33    4   22   0.091 
 2010   113   2.325  30    4   23   0.090 
 2010   114   2.251  29    4   24   0.094 
 2010   115   2.328  33    4   25   0.105 
 2010   116   2.128  21    4   26   0.100 
 2010   117   2.270  31    4   27   0.104 
 2010   118   2.265  37    4   28   0.113 
 2010   119   2.188  23    4   29   0.137 
 2010   120   2.250  26    4   30   0.119 
 2010   121   2.117  27    5    1   0.125 
 2010   122   2.088  31    5    2   0.072 
 2010   123   2.078  27    5    3   0.090 
 2010   124   2.064  36    5    4   0.073 
 2010   125   2.071  43    5    5   0.059 
 2010   126   2.072  38    5    6   0.056 
 2010   127   2.081  29    5    7   0.062 
 2010   128   2.082  34    5    8   0.059 
 2010   129   2.097  42    5    9   0.064 
 2010   130   2.113  40    5   10   0.061 
 2010   131   2.113  34    5   11   0.059 
 2010   132   1.967  27    5   12   0.093 
 2010   133   1.976  16    5   13   0.078 
 2010   134   1.887  25    5   14   0.075 
 2010   135   1.823  30    5   15   0.066 
 2010   136   1.941  33    5   16   0.104 
 2010   137   2.021  39    5   17   0.084 
 2010   138   2.055  39    5   18   0.102 
 2010   139   1.993  33    5   19   0.086 
 2010   140   2.024  40    5   20   0.065 
 2010   141   2.041  41    5   21   0.046 
 2010   142   2.103  43    5   22   0.067 
 2010   143   2.153  40    5   23   0.066 
 2010   144   2.209  41    5   24   0.060 
 2010   145   2.238  39    5   25   0.064 
 2010   146   2.267  40    5   26   0.065 
 2010   147   2.330  38    5   27   0.064 
 2010   148   2.383  40    5   28   0.069 
 2010   149   2.448  38    5   29   0.083 
 2010   150   2.513  37    5   30   0.086 
 2010   151   2.593  37    5   31   0.101 
 2010   152   2.640  38    6    1   0.083 
 2010   153   2.704  31    6    2   0.074 
 2010   154   2.745  38    6    3   0.095 
 2010   155   2.842  36    6    4   0.096 
 2010   156   2.978  31    6    5   0.122 
 2010   157   3.175  17    6    6   0.158 
 2010   158   3.147  17    6    7   0.121 
 2010   159   3.183  14    6    8   0.109 
 2010   160   3.147  17    6    9   0.135 
 2010   161   3.149  23    6   10   0.122 
 2010   162   3.126  21    6   11   0.125 
 2010   163   3.178  16    6   12   0.107 
 2010   164   3.108  27    6   13   0.111 
 2010   165   3.046  35    6   14   0.084 
 2010   166   3.061  33    6   15   0.091 
 2010   167   3.135  25    6   16   0.089 
 2010   168   3.131  27    6   17   0.107 
 2010   169   3.106  26    6   18   0.097 
 2010   170   3.109  28    6   19   0.106 
 2010   171   3.098  25    6   20   0.111 
 2010   172   3.105  27    6   21   0.096 
 2010   173   3.095  28    6   22   0.101 
 2010   174   3.089  28    6   23   0.120 
 2010   175   3.082  26    6   24   0.099 
 2010   176   3.087  28    6   25   0.110 
 2010   177   3.065  25    6   26   0.091 
 2010   178   3.058  26    6   27   0.089 
 2010   179   3.054  26    6   28   0.087 
 2010   180   3.062  25    6   29   0.106 
 2010   181   3.073  26    6   30   0.104 
 2010   182   3.069  26    7    1   0.104 
 2010   183   3.066  24    7    2   0.081 
 2010   184   3.083  26    7    3   0.104 
 2010   185   3.069  21    7    4   0.090 
 2010   186   3.061  22    7    5   0.110 
 2010   187   3.046  18    7    6   0.109 
 2010   188   3.093  15    7    7   0.110 
 2010   189   3.082  17    7    8   0.110 
 2010   190   3.081  24    7    9   0.102 
 2010   191   3.090  17    7   10   0.102 
 2010   192   3.081  18    7   11   0.094 
 2010   193   3.062  15    7   12   0.080 
 2010   194   3.066  14    7   13   0.078 
 2010   195   3.056  13    7   14   0.081 
 2010   196   3.089  15    7   15   0.110 
 2010   197   3.108  14    7   16   0.097 
 2010   198   3.102  16    7   17   0.105 
 2010   199   3.104  16    7   18   0.103 
 2010   200   3.117  22    7   19   0.098 
 2010   201   3.116  17    7   20   0.109 
 2010   202   3.121  16    7   21   0.109 
 2010   203   3.075  18    7   22   0.089 
 2010   204   3.095  14    7   23   0.116 
 2010   205   3.131  16    7   24   0.119 
 2010   206   3.082  15    7   25   0.082 
 2010   207   3.124  16    7   26   0.119 
 2010   208   3.076  15    7   27   0.093 
 2010   209   3.111  17    7   28   0.132 
 2010   210   3.155  18    7   29   0.124 
 2010   211   3.106  19    7   30   0.118 
 2010   212   3.219  11    7   31   0.155 
 2010   213   3.056  13    8    1   0.128 
 2010   214   3.061  14    8    2   0.109 
 2010   215   3.058  16    8    3   0.119 
 2010   216   3.068  15    8    4   0.107 
 2010   217   3.078  17    8    5   0.109 
 2010   218   3.063  13    8    6   0.102 
 2010   219   3.079  16    8    7   0.086 
 2010   220   3.078  16    8    8   0.087 
 2010   221   3.075  15    8    9   0.097 
 2010   222   3.051  14    8   10   0.074 
 2010   223   3.050  15    8   11   0.070 
 2010   224   3.071  17    8   12   0.085 
 2010   225   3.098  18    8   13   0.112 
 2010   226   3.081  17    8   14   0.088 
 2010   227   3.126  17    8   15   0.105 
 2010   228   3.089  14    8   16   0.096 
 2010   229   3.074  17    8   17   0.086 
 2010   230   3.098  18    8   18   0.083 
 2010   231   3.090  13    8   19   0.085 
 2010   232   3.099  17    8   20   0.101 
 2010   233   3.059  17    8   21   0.102 
 2010   234   3.072  19    8   22   0.089 
 2010   235   3.060  19    8   23   0.083 
 2010   236   3.139  16    8   24   0.133 
 2010   237   3.111  17    8   25   0.120 
 2010   238   3.091  17    8   26   0.106 
 2010   239   3.062  15    8   27   0.119 
 2010   240   3.063  19    8   28   0.099 
 2010   241   3.063  25    8   29   0.096 
 2010   242   3.076  22    8   30   0.105 
 2010   243   3.090  22    8   31   0.086 
 2010   244   3.090  19    9    1   0.098 
 2010   245   3.078  21    9    2   0.105 
 2010   246   3.094  24    9    3   0.095 
 2010   247   3.083  23    9    4   0.097 
 2010   248   3.097  22    9    5   0.088 
 2010   249   3.100  24    9    6   0.090 
 2010   250   3.121  26    9    7   0.108 
 2010   251   3.119  26    9    8   0.106 
 2010   252   3.139  33    9    9   0.110 
 2010   253   3.125  31    9   10   0.106 
 2010   254   3.109  29    9   11   0.090 
 2010   255   3.107  30    9   12   0.099 
 2010   256   3.111  32    9   13   0.090 
 2010   257   3.111  31    9   14   0.101 
 2010   258   3.116  33    9   15   0.115 
 2010   259   3.099  30    9   16   0.092 
 2010   260   3.117  31    9   17   0.101 
 2010   261   3.121  35    9   18   0.103 
 2010   262   3.118  36    9   19   0.103 
 2010   263   3.112  33    9   20   0.099 
 2010   264   3.114  36    9   21   0.111 
 2010   265   3.114  36    9   22   0.101 
 2010   266   3.128  33    9   23   0.112 
 2010   267   3.120  35    9   24   0.117 
 2010   268   3.130  34    9   25   0.115 
 2010   269   3.127  36    9   26   0.111 
 2010   270   3.124  34    9   27   0.112 
 2010   271   3.136  33    9   28   0.106 
 2010   272   3.134  35    9   29   0.116 
 2010   273   3.115  34    9   30   0.094 
 2010   274   3.133  33   10    1   0.119 
 2010   275   3.132  35   10    2   0.120 
 2010   276   3.123  35   10    3   0.111 
 2010   277   3.126  36   10    4   0.104 
 2010   278   3.119  35   10    5   0.112 
 2010   279   3.134  37   10    6   0.120 
 2010   280   3.124  36   10    7   0.109 
 2010   281   3.120  37   10    8   0.117 
 2010   282   3.033  18   10    9   0.089 
 2010   283   3.043  24   10   10   0.088 
 2010   284   3.055  30   10   11   0.097 
 2010   285   3.021  29   10   12   0.110 
 2010   286   3.019  35   10   13   0.106 
 2010   287   3.047  36   10   14   0.106 
 2010   288   3.034  27   10   15   0.092 
 2010   291   3.128  32   10   18   0.119 
 2010   293   3.011  16   10   20   0.114 
 2010   294   3.094  28   10   21   0.104 
 2010   295   3.085  23   10   22   0.078 
 2010   296   2.997  32   10   23   0.108 
 2010   297   2.988  38   10   24   0.115 
 2010   298   2.961  31   10   25   0.093 
 2010   299   2.666  31   10   26   0.149 
 2010   300   2.595  30   10   27   0.097 
 2010   301   2.536  25   10   28   0.119 
 2010   302   2.648  36   10   29   0.110 
 2010   303   2.719  40   10   30   0.096 
 2010   304   2.718  41   10   31   0.079 
 2010   305   2.735  39   11    1   0.069 
 2010   306   2.752  44   11    2   0.064 
 2010   307   2.747  42   11    3   0.070 
 2010   308   2.748  44   11    4   0.071 
 2010   309   2.749  40   11    5   0.078 
 2010   310   2.757  44   11    6   0.074 
 2010   311   2.757  41   11    7   0.067 
 2010   312   2.770  44   11    8   0.070 
 2010   313   2.772  41   11    9   0.072 
 2010   314   2.738  37   11   10   0.100 
 2010   315   2.780  36   11   11   0.084 
 2010   316   2.751  41   11   12   0.116 
 2010   317   2.755  41   11   13   0.101 
 2010   318   2.755  36   11   14   0.085 
 2010   319   2.804  40   11   15   0.101 
 2010   320   2.733  30   11   16   0.142 
 2010   321   2.630  36   11   17   0.096 
 2010   322   2.717  42   11   18   0.096 
 2010   324   2.744  43   11   20   0.060 
 2010   325   2.742  41   11   21   0.065 
 2010   326   2.576  36   11   22   0.092 
 2010   327   2.470  37   11   23   0.100 
 2010   328   2.482  28   11   24   0.088 
 2010   329   2.539  42   11   25   0.081 
 2010   330   2.675  38   11   26   0.095 
 2010   331   2.772  42   11   27   0.083 
 2010   332   2.764  36   11   28   0.071 
 2010   333   2.776  42   11   29   0.080 
 2010   334   2.784  40   11   30   0.084 
 2010   335   2.777  36   12    1   0.074 
 2010   336   2.778  37   12    2   0.094 
 2010   337   2.762  41   12    3   0.120 
 2010   338   2.715  34   12    4   0.118 
 2010   339   2.708  33   12    5   0.079 
 2010   340   2.696  36   12    6   0.148 
 2010   341   2.681  31   12    7   0.100 
 2010   342   2.668  37   12    8   0.113 
 2010   343   2.508  31   12    9   0.171 
 2010   344   2.497  41   12   10   0.163 
 2010   345   2.350  29   12   11   0.141 
 2010   346   2.460  40   12   12   0.130 
 2010   347   2.560  44   12   13   0.149 
 2010   348   2.591  44   12   14   0.170 
 2010   349   2.588  38   12   15   0.162 
 2010   350   2.426  19   12   16   0.131 
 2010   351   2.484  29   12   17   0.105 
 2010   352   2.458  34   12   18   0.125 
 2010   353   2.216  29   12   19   0.142 
 2010   354   2.061  47   12   20   0.109 
 2010   355   1.974  48   12   21   0.111 
 2010   356   2.003  43   12   22   0.119 
 2010   357   2.052  50   12   23   0.118 
 2010   358   2.076  51   12   24   0.106 
 2010   359   2.098  49   12   25   0.102 
 2010   360   2.118  49   12   26   0.083 
 2010   361   2.130  48   12   27   0.090 
 2010   362   2.150  46   12   28   0.094 
 2010   363   2.160  46   12   29   0.076 
 2010   364   2.172  43   12   30   0.108 
 2010   365   2.054  25   12   31   0.137 
 2011     1   2.082  34    1    1   0.143 
 2011     2   2.139  34    1    2   0.118 
 2011     3   2.158  34    1    3   0.120 
 2011     4   2.161  37    1    4   0.109 
 2011     5   2.140  33    1    5   0.121 
 2011     6   2.168  29    1    6   0.138 
 2011     7   2.165  27    1    7   0.123 
 2011     8   2.164  28    1    8   0.123 
 2011     9   2.176  19    1    9   0.139 
 2011    10   2.038  30    1   10   0.083 
 2011    11   2.187  36    1   11   0.138 
 2011    12   2.201  29    1   12   0.132 
 2011    13   2.214  38    1   13   0.131 
 2011    14   2.212  42    1   14   0.118 
 2011    15   2.211  39    1   15   0.121 
 2011    16   2.208  43    1   16   0.128 
 2011    17   2.259  34    1   17   0.129 
 2011    18   2.071  27    1   18   0.142 
 2011    19   1.980  38    1   19   0.115 
 2011    20   1.995  36    1   20   0.110 
 2011    21   2.101  46    1   21   0.073 
 2011    22   2.143  39    1   22   0.120 
 2011    23   2.086  31    1   23   0.140 
 2011    24   2.213  45    1   24   0.103 
 2011    25   2.244  49    1   25   0.101 
 2011    26   2.253  52    1   26   0.098 
 2011    27   2.310  48    1   27   0.092 
 2011    28   2.309  46    1   28   0.109 
 2011    29   2.301  51    1   29   0.116 
 2011    30   2.305  46    1   30   0.113 
 2011    31   2.285  46    1   31   0.123 
 2011    32   2.318  32    2    1   0.114 
 2011    33   2.256  44    2    2   0.153 
 2011    34   2.248  45    2    3   0.117 
 2011    35   2.254  47    2    4   0.091 
 2011    36   2.221  36    2    5   0.126 
 2011    37   2.022  33    2    6   0.139 
 2011    38   2.023  43    2    7   0.119 
 2011    39   1.873  37    2    8   0.065 
 2011    40   1.900  42    2    9   0.075 
 2011    41   1.958  49    2   10   0.090 
 2011    42   2.010  39    2   11   0.131 
 2011    43   2.066  41    2   12   0.098 
 2011    44   2.160  34    2   13   0.122 
 2011    45   2.290  39    2   14   0.118 
 2011    46   2.256  33    2   15   0.124 
 2011    47   2.291  32    2   16   0.131 
 2011    48   2.253  30    2   17   0.134 
 2011    49   2.050  24    2   18   0.120 
 2011    50   2.089  37    2   19   0.106 
 2011    51   2.074  43    2   20   0.126 
 2011    52   2.114  45    2   21   0.136 
 2011    53   2.119  40    2   22   0.132 
 2011    54   2.085  42    2   23   0.128 
 2011    55   2.093  37    2   24   0.139 
 2011    56   1.978  36    2   25   0.101 
 2011    57   1.806  36    2   26   0.086 
 2011    58   1.840  43    2   27   0.103 
 2011    59   1.861  41    2   28   0.108 
 2011    60   1.996  34    3    1   0.151 
 2011    61   1.920  41    3    2   0.119 
 2011    62   1.907  44    3    3   0.111 
 2011    63   1.910  39    3    4   0.107 
 2011    64   1.917  40    3    5   0.116 
 2011    65   1.913  42    3    6   0.128 
 2011    66   1.915  25    3    7   0.094 
 2011    67   1.883  44    3    8   0.082 
 2011    68   1.910  44    3    9   0.099 
 2011    69   1.923  39    3   10   0.129 
 2011    70   1.825  42    3   11   0.086 
 2011    71   1.841  45    3   12   0.095 
 2011    72   1.808  33    3   13   0.095 
 2011    73   1.862  43    3   14   0.101 
 2011    74   1.857  45    3   15   0.112 
 2011    75   1.860  41    3   16   0.092 
 2011    76   1.832  43    3   17   0.092 
 2011    77   1.796  29    3   18   0.120 
 2011    78   1.847  39    3   19   0.080 
 2011    79   1.860  47    3   20   0.083 
 2011    80   1.860  42    3   21   0.065 
 2011    81   1.813  42    3   22   0.127 
 2011    82   1.740  41    3   23   0.143 
 2011    83   1.793  49    3   24   0.107 
 2011    84   1.772  44    3   25   0.108 
 2011    85   1.695  36    3   26   0.094 
 2011    86   1.729  45    3   27   0.075 
 2011    87   1.709  30    3   28   0.144 
 2011    88   1.436  39    3   29   0.127 
 2011    89   1.444  46    3   30   0.117 
 2011    90   1.589  38    3   31   0.149 
 2011    91   1.640  49    4    1   0.095 
 2011    92   1.648  48    4    2   0.079 
 2011    93   1.654  45    4    3   0.078 
 2011    94   1.569  37    4    4   0.102 
 2011    95   1.666  44    4    5   0.086 
 2011    96   1.682  45    4    6   0.090 
 2011    97   1.641  43    4    7   0.094 
 2011    98   1.663  48    4    8   0.081 
 2011    99   1.680  50    4    9   0.082 
 2011   100   1.676  42    4   10   0.109 
 2011   101   1.550  43    4   11   0.101 
 2011   102   1.598  46    4   12   0.103 
 2011   103   1.601  44    4   13   0.095 
 2011   104   1.358  40    4   14   0.140 
 2011   105   1.446  37    4   15   0.108 
 2011   106   1.526  47    4   16   0.106 
 2011   107   1.495  47    4   17   0.085 
 2011   108   1.303  45    4   18   0.137 
 2011   109   1.198  39    4   19   0.117 
 2011   110   1.100  39    4   20   0.102 
 2011   111   1.099  45    4   21   0.085 
 2011   112   1.059  47    4   22   0.097 
 2011   113   0.986  37    4   23   0.106 
 2011   114   0.909  43    4   24   0.104 
 2011   115   0.878  39    4   25   0.081 
 2011   116   0.832  42    4   26   0.087 
 2011   117   0.862  50    4   27   0.092 
 2011   118   0.887  49    4   28   0.087 
 2011   119   0.903  40    4   29   0.082 
 2011   120   0.775  46    4   30   0.093 
 2011   121   0.769  44    5    1   0.070 
 2011   122   0.796  24    5    2   0.113 
 2011   123   0.764  34    5    3   0.088 
 2011   124   0.775  35    5    4   0.083 
 2011   125   0.848  38    5    5   0.109 
 2011   126   0.856  48    5    6   0.094 
 2011   127   0.894  48    5    7   0.080 
 2011   128   0.907  47    5    8   0.078 
 2011   129   0.975  42    5    9   0.085 
 2011   130   1.025  48    5   10   0.084 
 2011   131   0.948  45    5   11   0.118 
 2011   132   0.851  34    5   12   0.105 
 2011   133   0.887  45    5   13   0.085 
 2011   134   0.947  46    5   14   0.068 
 2011   135   0.959  47    5   15   0.069 
 2011   136   1.003  48    5   16   0.067 
 2011   137   1.046  47    5   17   0.077 
 2011   138   1.023  46    5   18   0.081 
 2011   139   0.807  42    5   19   0.093 
 2011   140   0.728  36    5   20   0.072 
 2011   141   0.739  31    5   21   0.093 
 2011   142   0.728  38    5   22   0.087 
 2011   143   0.792  47    5   23   0.076 
 2011   144   0.826  45    5   24   0.073 
 2011   145   0.800  43    5   25   0.082 
 2011   146   0.787  45    5   26   0.059 
 2011   147   0.799  42    5   27   0.077 
 2011   148   0.731  43    5   28   0.083 
 2011   149   0.788  45    5   29   0.088 
 2011   150   0.850  43    5   30   0.071 
 2011   151   0.877  46    5   31   0.075 
 2011   152   0.916  48    6    1   0.070 
 2011   153   0.958  49    6    2   0.068 
 2011   154   1.013  50    6    3   0.062 
 2011   155   1.045  49    6    4   0.061 
 2011   156   1.119  49    6    5   0.080 
 2011   157   1.202  49    6    6   0.072 
 2011   158   1.266  48    6    7   0.079 
 2011   159   1.299  47    6    8   0.090 
 2011   160   1.350  48    6    9   0.079 
 2011   161   1.413  49    6   10   0.085 
 2011   162   1.451  49    6   11   0.087 
 2011   163   1.492  48    6   12   0.072 
 2011   164   1.535  46    6   13   0.089 
 2011   165   1.593  49    6   14   0.075 
 2011   166   1.635  50    6   15   0.081 
 2011   167   1.696  48    6   16   0.092 
 2011   168   1.747  49    6   17   0.072 
 2011   169   1.742  47    6   18   0.080 
 2011   170   1.796  50    6   19   0.067 
 2011   171   1.728  50    6   20   0.104 
 2011   172   1.765  50    6   21   0.072 
 2011   173   1.823  46    6   22   0.071 
 2011   174   1.895  48    6   23   0.092 
 2011   175   1.980  49    6   24   0.086 
 2011   176   2.033  44    6   25   0.077 
 2011   177   2.117  49    6   26   0.089 
 2011   178   2.184  46    6   27   0.092 
 2011   179   2.239  45    6   28   0.097 
 2011   180   2.327  45    6   29   0.109 
 2011   181   2.434  46    6   30   0.129 
 2011   182   2.586  39    7    1   0.122 
 2011   183   2.690  38    7    2   0.135 
 2011   184   2.793  38    7    3   0.163 
 2011   185   2.817  31    7    4   0.166 
 2011   186   2.848  26    7    5   0.156 
 2011   187   2.950  28    7    6   0.169 
 2011   188   3.073  28    7    7   0.164 
 2011   189   3.149  29    7    8   0.142 
 2011   190   3.202  19    7    9   0.129 
 2011   191   3.203  24    7   10   0.145 
 2011   192   3.174  23    7   11   0.134 
 2011   193   3.124  27    7   12   0.133 
 2011   194   3.151  30    7   13   0.140 
 2011   195   3.142  29    7   14   0.140 
 2011   196   3.117  29    7   15   0.116 
 2011   197   3.082  32    7   16   0.118 
 2011   198   3.087  33    7   17   0.117 
 2011   199   3.091  36    7   18   0.107 
 2011   200   3.122  27    7   19   0.143 
 2011   201   3.125  32    7   20   0.143 
 2011   202   3.099  36    7   21   0.130 
 2011   203   3.082  38    7   22   0.120 
 2011   204   3.099  38    7   23   0.129 
 2011   205   3.094  39    7   24   0.117 
 2011   206   3.069  41    7   25   0.106 
 2011   207   3.070  35    7   26   0.104 
 2011   208   3.080  38    7   27   0.106 
 2011   209   3.072  39    7   28   0.105 
 2011   210   3.072  39    7   29   0.111 
 2011   211   3.081  39    7   30   0.116 
 2011   212   3.074  37    7   31   0.109 
 2011   213   3.083  36    8    1   0.109 
 2011   214   3.096  31    8    2   0.112 
 2011   215   3.092  30    8    3   0.126 
 2011   216   3.064  30    8    4   0.103 
 2011   217   3.056  35    8    5   0.095 
 2011   218   3.081  32    8    6   0.113 
 2011   219   3.075  31    8    7   0.108 
 2011   220   3.058  32    8    8   0.095 
 2011   221   3.050  32    8    9   0.099 
 2011   222   3.058  29    8   10   0.107 
 2011   223   3.052  27    8   11   0.108 
 2011   224   3.050  27    8   12   0.097 
 2011   225   3.037  28    8   13   0.096 
 2011   226   3.030  27    8   14   0.091 
 2011   227   3.037  26    8   15   0.075 
 2011   228   3.034  24    8   16   0.088 
 2011   229   3.052  31    8   17   0.109 
 2011   230   3.054  28    8   18   0.109 
 2011   231   3.040  28    8   19   0.090 
 2011   232   3.062  28    8   20   0.102 
 2011   233   3.049  27    8   21   0.119 
 2011   234   3.053  30    8   22   0.114 
 2011   235   3.071  31    8   23   0.111 
 2011   236   3.067  32    8   24   0.110 
 2011   237   3.073  29    8   25   0.107 
 2011   238   3.086  30    8   26   0.120 
 2011   239   3.065  29    8   27   0.098 
 2011   240   3.073  31    8   28   0.104 
 2011   241   3.077  25    8   29   0.123 
 2011   242   3.078  27    8   30   0.104 
 2011   243   3.060  29    8   31   0.128 
 2011   244   3.052  28    9    1   0.115 
 2011   245   3.077  30    9    2   0.124 
 2011   246   3.070  31    9    3   0.121 
 2011   247   3.074  29    9    4   0.124 
 2011   248   3.088  30    9    5   0.116 
 2011   249   3.099  25    9    6   0.130 
 2011   250   3.064  25    9    7   0.125 
 2011   251   3.055  23    9    8   0.115 
 2011   252   3.102  30    9    9   0.124 
 2011   253   3.088  32    9   10   0.117 
 2011   254   3.097  34    9   11   0.124 
 2011   255   3.108  35    9   12   0.121 
 2011   256   3.100  34    9   13   0.117 
 2011   257   3.089  34    9   14   0.113 
 2011   258   3.049  34    9   15   0.096 
 2011   259   3.065  30    9   16   0.103 
 2011   260   3.065  27    9   17   0.103 
 2011   261   3.066  27    9   18   0.115 
 2011   262   3.101  36    9   19   0.124 
 2011   263   3.089  33    9   20   0.111 
 2011   264   3.084  36    9   21   0.108 
 2011   265   3.082  38    9   22   0.116 
 2011   266   3.093  39    9   23   0.108 
 2011   267   3.103  40    9   24   0.122 
 2011   268   3.099  39    9   25   0.123 
 2011   269   3.101  39    9   26   0.114 
 2011   270   3.105  42    9   27   0.106 
 2011   271   3.112  45    9   28   0.120 
 2011   272   3.110  42    9   29   0.111 
 2011   273   3.112  39    9   30   0.099 
 2011   274   3.095  38   10    1   0.104 
 2011   275   3.119  41   10    2   0.119 
 2011   276   3.126  38   10    3   0.114 
 2011   277   3.125  39   10    4   0.109 
 2011   278   3.103  37   10    5   0.109 
 2011   279   3.122  37   10    6   0.106 
 2011   280   3.100  28   10    7   0.112 
 2011   281   3.061  26   10    8   0.119 
 2011   282   3.045  21   10    9   0.081 
 2011   283   3.025  31   10   10   0.046 
 2011   284   3.047  43   10   11   0.085 
 2011   285   3.031  38   10   12   0.076 
 2011   286   3.049  34   10   13   0.078 
 2011   287   3.063  37   10   14   0.087 
 2011   288   3.081  34   10   15   0.088 
 2011   289   3.122  37   10   16   0.101 
 2011   290   3.062  30   10   17   0.076 
 2011   291   3.030  40   10   18   0.095 
 2011   292   3.040  40   10   19   0.074 
 2011   293   3.027  40   10   20   0.059 
 2011   294   3.035  39   10   21   0.063 
 2011   295   3.045  35   10   22   0.077 
 2011   296   3.073  35   10   23   0.102 
 2011   297   3.111  38   10   24   0.106 
 2011   298   3.118  37   10   25   0.124 
 2011   299   2.805  22   10   26   0.112 
 2011   300   2.848  30   10   27   0.137 
 2011   301   3.001  30   10   28   0.098 
 2011   302   3.018  44   10   29   0.098 
 2011   303   3.055  42   10   30   0.079 
 2011   304   3.058  37   10   31   0.088 
 2011   305   3.068  37   11    1   0.096 
 2011   306   3.001  27   11    2   0.130 
 2011   307   2.985  45   11    3   0.094 
 2011   308   3.024  48   11    4   0.083 
 2011   309   3.023  48   11    5   0.089 
 2011   310   3.049  45   11    6   0.087 
 2011   311   3.058  44   11    7   0.088 
 2011   312   3.067  47   11    8   0.094 
 2011   313   3.061  46   11    9   0.096 
 2011   314   3.069  46   11   10   0.100 
 2011   315   3.075  41   11   11   0.110 
 2011   316   3.090  40   11   12   0.107 
 2011   317   3.075  35   11   13   0.104 
 2011   318   3.056  48   11   14   0.064 
 2011   319   3.027  48   11   15   0.081 
 2011   320   3.013  37   11   16   0.105 
 2011   321   2.903  40   11   17   0.125 
 2011   322   2.995  43   11   18   0.108 
 2011   323   2.952  42   11   19   0.132 
 2011   324   2.989  38   11   20   0.146 
 2011   325   2.879  38   11   21   0.126 
 2011   326   2.866  43   11   22   0.106 
 2011   327   2.875  43   11   23   0.077 
 2011   328   2.898  46   11   24   0.072 
 2011   329   2.929  46   11   25   0.096 
 2011   330   2.928  45   11   26   0.086 
 2011   331   2.946  47   11   27   0.089 
 2011   332   2.959  44   11   28   0.099 
 2011   333   2.985  40   11   29   0.108 
 2011   334   2.988  37   11   30   0.109 
 2011   335   2.952  18   12    1   0.151 
 2011   336   2.964  28   12    2   0.096 
 2011   337   2.997  26   12    3   0.100 
 2011   338   2.973  33   12    4   0.114 
 2011   339   2.948  38   12    5   0.117 
 2011   340   2.921  44   12    6   0.108 
 2011   341   2.998  50   12    7   0.092 
 2011   342   2.990  49   12    8   0.091 
 2011   343   2.994  42   12    9   0.103 
 2011   344   2.994  43   12   10   0.099 
 2011   345   2.998  41   12   11   0.101 
 2011   346   2.998  39   12   12   0.106 
 2011   347   2.993  38   12   13   0.106 
 2011   348   2.995  41   12   14   0.103 
 2011   349   3.006  40   12   15   0.100 
 2011   350   2.992  34   12   16   0.104 
 2011   351   2.990  38   12   17   0.101 
 2011   352   2.998  38   12   18   0.100 
 2011   353   2.999  33   12   19   0.110 
 2011   354   3.006  35   12   20   0.104 
 2011   355   2.998  34   12   21   0.113 
 2011   356   2.874  21   12   22   0.157 
 2011   357   2.975  25   12   23   0.135 
 2011   358   3.011  32   12   24   0.096 
 2011   359   3.017  36   12   25   0.100 
 2011   360   3.004  40   12   26   0.092 
 2011   361   2.998  43   12   27   0.106 
 2011   362   3.024  39   12   28   0.116 
 2011   363   3.025  42   12   29   0.100 
 2011   364   3.037  38   12   30   0.111 
 2011   365   3.042  36   12   31   0.115 
 2012     1   3.033  33    1    1   0.113 
 2012     2   3.040  38    1    2   0.115 
 2012     3   3.057  40    1    3   0.127 
 2012     4   3.067  41    1    4   0.122 
 2012     5   3.086  41    1    5   0.111 
 2012     6   3.081  41    1    6   0.115 
 2012     7   3.088  37    1    7   0.115 
 2012     8   2.951  40    1    8   0.126 
 2012     9   3.013  33    1    9   0.079 
 2012    10   3.009  31    1   10   0.089 
 2012    11   3.005  34    1   11   0.125 
 2012    12   3.028  42    1   12   0.105 
 2012    13   3.057  42    1   13   0.125 
 2012    14   3.073  40    1   14   0.122 
 2012    15   3.079  44    1   15   0.119 
 2012    16   3.102  32    1   16   0.109 
 2012    17   3.002  40    1   17   0.129 
 2012    18   3.023  38    1   18   0.097 
 2012    19   3.013  46    1   19   0.105 
 2012    20   2.818  28    1   20   0.168 
 2012    21   2.687  41    1   21   0.100 
 2012    22   2.660  46    1   22   0.125 
 2012    23   2.746  41    1   23   0.105 
 2012    24   2.769  43    1   24   0.104 
 2012    25   2.771  41    1   25   0.106 
 2012    26   3.001  20    1   26   0.143 
 2012    27   2.920  25    1   27   0.121 
 2012    28   2.870  24    1   28   0.123 
 2012    29   3.050  23    1   29   0.117 
 2012    30   3.097  21    1   30   0.086 
 2012    31   3.089  23    1   31   0.109 
 2012    32   3.086  21    2    1   0.096 
 2012    33   3.086  21    2    2   0.106 
 2012    38   2.811  12    2    7   0.155 
 2012    39   2.858  20    2    8   0.147 
 2012    40   2.879  23    2    9   0.107 
 2012    41   2.892  33    2   10   0.123 
 2012    42   2.839  27    2   11   0.149 
 2012    43   2.758  31    2   12   0.166 
 2012    44   2.758  34    2   13   0.131 
 2012    45   2.811  41    2   14   0.137 
 2012    46   2.806  40    2   15   0.120 
 2012    47   2.808  45    2   16   0.114 
 2012    48   2.777  47    2   17   0.104 
 2012    49   2.775  47    2   18   0.098 
 2012    50   2.758  48    2   19   0.075 
 2012    51   2.753  46    2   20   0.075 
 2012    52   2.702  32    2   21   0.112 
 2012    53   2.599  30    2   22   0.117 
 2012    54   2.355  37    2   23   0.120 
 2012    55   2.403  47    2   24   0.123 
 2012    56   2.540  46    2   25   0.062 
 2012    57   2.519  46    2   26   0.081 
 2012    58   2.494  54    2   27   0.058 
 2012    59   2.473  46    2   28   0.104 
 2012    60   2.487  48    2   29   0.102 
 2012    61   2.498  37    3    1   0.111 
 2012    62   2.413  43    3    2   0.132 
 2012    63   2.473  49    3    3   0.113 
 2012    64   2.548  44    3    4   0.085 
 2012    65   2.575  37    3    5   0.089 
 2012    66   2.597  40    3    6   0.106 
 2012    67   2.597  41    3    7   0.106 
 2012    68   2.611  42    3    8   0.100 
 2012    69   2.610  41    3    9   0.097 
 2012    70   2.612  43    3   10   0.102 
 2012    71   2.611  43    3   11   0.096 
 2012    72   2.620  45    3   12   0.095 
 2012    73   2.630  45    3   13   0.101 
 2012    74   2.643  45    3   14   0.107 
 2012    75   2.652  44    3   15   0.106 
 2012    76   2.648  41    3   16   0.109 
 2012    77   2.660  44    3   17   0.106 
 2012    78   2.665  45    3   18   0.112 
 2012    79   2.660  43    3   19   0.112 
 2012    80   2.662  45    3   20   0.109 
 2012    81   2.682  42    3   21   0.104 
 2012    82   2.683  43    3   22   0.104 
 2012    83   2.683  44    3   23   0.107 
 2012    84   2.699  43    3   24   0.100 
 2012    85   2.702  43    3   25   0.105 
 2012    86   2.698  43    3   26   0.103 
 2012    87   2.708  44    3   27   0.102 
 2012    88   2.710  46    3   28   0.102 
 2012    89   2.715  43    3   29   0.104 
 2012    90   2.718  44    3   30   0.104 
 2012    91   2.725  42    3   31   0.109 
 2012    92   2.733  40    4    1   0.107 
 2012    93   2.736  38    4    2   0.111 
 2012    94   2.700  33    4    3   0.111 
 2012    95   2.667  32    4    4   0.099 
 2012    96   2.692  42    4    5   0.104 
 2012    97   2.713  45    4    6   0.104 
 2012    98   2.714  43    4    7   0.110 
 2012    99   2.731  46    4    8   0.109 
 2012   100   2.743  48    4    9   0.112 
 2012   101   2.747  46    4   10   0.107 
 2012   102   2.773  48    4   11   0.112 
 2012   103   2.784  47    4   12   0.110 
 2012   104   2.770  45    4   13   0.109 
 2012   105   2.777  48    4   14   0.117 
 2012   106   2.699  32    4   15   0.136 
 2012   107   2.628  29    4   16   0.150 
 2012   108   2.540  47    4   17   0.132 
 2012   109   2.568  50    4   18   0.120 
 2012   110   2.565  47    4   19   0.097 
 2012   111   2.558  49    4   20   0.099 
 2012   112   2.612  47    4   21   0.092 
 2012   113   2.641  47    4   22   0.098 
 2012   114   2.671  47    4   23   0.097 
 2012   115   2.720  48    4   24   0.091 
 2012   116   2.747  47    4   25   0.085 
 2012   117   2.781  47    4   26   0.086 
 2012   118   2.791  43    4   27   0.083 
 2012   119   2.795  38    4   28   0.097 
 2012   120   2.769  47    4   29   0.075 
 2012   121   2.774  49    4   30   0.075 
 2012   122   2.795  51    5    1   0.080 
 2012   123   2.808  49    5    2   0.079 
 2012   124   2.833  50    5    3   0.083 
 2012   125   2.872  52    5    4   0.081 
 2012   126   2.915  50    5    5   0.100 
 2012   127   2.945  44    5    6   0.117 
 2012   128   2.718  45    5    7   0.116 
 2012   129   2.733  49    5    8   0.109 
 2012   130   2.780  49    5    9   0.109 
 2012   131   2.839  49    5   10   0.105 
 2012   132   2.874  48    5   11   0.104 
 2012   133   2.835  38    5   12   0.116 
 2012   134   2.803  40    5   13   0.103 
 2012   135   2.798  44    5   14   0.108 
 2012   136   2.852  48    5   15   0.094 
 2012   137   2.905  47    5   16   0.102 
 2012   138   2.912  47    5   17   0.116 
 2012   139   2.945  47    5   18   0.103 
 2012   140   2.952  41    5   19   0.104 
 2012   141   2.936  45    5   20   0.106 
 2012   142   2.984  46    5   21   0.123 
 2012   143   3.034  38    5   22   0.125 
 2012   144   3.092  30    5   23   0.129 
 2012   145   2.968  37    5   24   0.117 
 2012   146   3.006  42    5   25   0.093 
 2012   147   3.046  49    5   26   0.084 
 2012   148   3.117  38    5   27   0.102 
 2012   149   3.116  42    5   28   0.088 
 2012   150   3.113  37    5   29   0.112 
 2012   151   3.155  28    5   30   0.125 
 2012   152   3.120  32    5   31   0.118 
 2012   153   3.115  32    6    1   0.112 
 2012   154   3.108  27    6    2   0.107 
 2012   155   3.100  33    6    3   0.115 
 2012   156   3.099  34    6    4   0.103 
 2012   157   3.095  34    6    5   0.106 
 2012   158   3.089  33    6    6   0.098 
 2012   159   3.090  37    6    7   0.097 
 2012   160   3.080  33    6    8   0.095 
 2012   161   3.088  34    6    9   0.097 
 2012   162   3.085  37    6   10   0.095 
 2012   163   3.081  38    6   11   0.104 
 2012   164   3.076  39    6   12   0.087 
 2012   165   3.092  39    6   13   0.103 
 2012   166   3.073  37    6   14   0.089 
 2012   167   3.089  40    6   15   0.102 
 2012   168   3.078  36    6   16   0.092 
 2012   169   3.076  36    6   17   0.086 
 2012   170   3.077  37    6   18   0.087 
 2012   171   3.082  36    6   19   0.101 
 2012   172   3.071  35    6   20   0.085 
 2012   173   3.085  35    6   21   0.101 
 2012   174   3.073  33    6   22   0.084 
 2012   175   3.080  35    6   23   0.081 
 2012   176   3.063  30    6   24   0.084 
 2012   177   3.071  33    6   25   0.089 
 2012   178   3.067  29    6   26   0.082 
 2012   179   3.070  30    6   27   0.087 
 2012   180   3.084  32    6   28   0.093 
 2012   181   3.075  30    6   29   0.090 
 2012   182   3.096  31    6   30   0.102 
 2012   183   3.068  32    7    1   0.089 
 2012   184   3.073  33    7    2   0.091 
 2012   185   3.082  28    7    3   0.109 
 2012   186   3.083  35    7    4   0.091 
 2012   187   3.073  28    7    5   0.094 
 2012   188   3.067  28    7    6   0.101 
 2012   189   3.077  26    7    7   0.100 
 2012   190   3.060  29    7    8   0.103 
 2012   191   3.049  27    7    9   0.090 
 2012   192   3.069  31    7   10   0.089 
 2012   193   3.061  30    7   11   0.098 
 2012   194   3.070  30    7   12   0.100 
 2012   195   3.068  32    7   13   0.091 
 2012   196   3.077  34    7   14   0.111 
 2012   197   3.057  31    7   15   0.088 
 2012   198   3.057  28    7   16   0.104 
 2012   199   3.085  29    7   17   0.106 
 2012   200   3.065  29    7   18   0.088 
 2012   201   3.051  31    7   19   0.090 
 2012   202   3.056  32    7   20   0.090 
 2012   203   3.057  30    7   21   0.093 
 2012   204   3.058  25    7   22   0.091 
 2012   205   3.042  25    7   23   0.092 
 2012   206   3.058  31    7   24   0.102 
 2012   207   3.047  27    7   25   0.093 
 2012   208   3.049  29    7   26   0.090 
 2012   209   3.054  31    7   27   0.089 
 2012   210   3.053  33    7   28   0.091 
 2012   211   3.043  29    7   29   0.085 
 2012   212   3.041  31    7   30   0.105 
 2012   213   3.050  30    7   31   0.088 
 2012   214   3.039  28    8    1   0.084 
 2012   215   3.058  32    8    2   0.097 
 2012   216   3.047  28    8    3   0.086 
 2012   217   3.061  29    8    4   0.085 
 2012   218   3.061  32    8    5   0.095 
 2012   219   3.064  29    8    6   0.091 
 2012   220   3.087  31    8    7   0.112 
 2012   221   3.081  27    8    8   0.101 
 2012   222   3.060  28    8    9   0.105 
 2012   223   3.075  30    8   10   0.093 
 2012   224   3.074  32    8   11   0.093 
 2012   225   3.090  33    8   12   0.108 
 2012   226   3.084  31    8   13   0.105 
 2012   227   3.083  34    8   14   0.108 
 2012   228   3.071  33    8   15   0.106 
 2012   229   3.071  32    8   16   0.105 
 2012   230   3.083  37    8   17   0.107 
 2012   231   3.063  32    8   18   0.091 
 2012   232   3.081  36    8   19   0.108 
 2012   233   3.084  30    8   20   0.097 
 2012   284   3.123  36   10   10   0.107 
 2012   285   3.120  34   10   11   0.107 
 2012   286   3.113  35   10   12   0.100 
 2012   287   3.090  23   10   13   0.117 
 2012   288   3.042  39   10   14   0.085 
 2012   289   3.086  38   10   15   0.100 
 2012   290   3.079  33   10   16   0.099 
 2012   291   3.074  32   10   17   0.077 
 2012   292   3.084  34   10   18   0.092 
 2012   293   3.115  37   10   19   0.102 
 2012   294   3.128  41   10   20   0.106 
 2012   295   3.132  38   10   21   0.106 
 2012   296   3.113  36   10   22   0.099 
 2012   297   3.112  35   10   23   0.099 
 2012   298   3.113  33   10   24   0.095 
 2012   299   2.878  22   10   25   0.140 
 2012   300   2.908  35   10   26   0.138 
 2012   301   2.965  38   10   27   0.131 
 2012   302   2.954  40   10   28   0.107 
 2012   303   3.020  45   10   29   0.084 
 2012   304   3.031  45   10   30   0.071 
 2012   305   3.041  45   10   31   0.075 
 2012   306   3.036  43   11    1   0.073 
 2012   307   3.035  42   11    2   0.072 
 2012   308   3.038  41   11    3   0.070 
 2012   309   3.035  42   11    4   0.071 
 2012   310   3.036  40   11    5   0.073 
 2012   311   3.037  41   11    6   0.072 
 2012   312   3.038  39   11    7   0.073 
 2012   313   3.043  33   11    8   0.075 
 2012   314   3.038  33   11    9   0.072 
 2012   315   3.012  35   11   10   0.121 
 2012   316   3.032  49   11   11   0.091 
 2012   317   3.018  47   11   12   0.094 
 2012   318   3.038  42   11   13   0.073 
 2012   319   3.030  44   11   14   0.075 
 2012   320   3.027  38   11   15   0.080 
 2012   321   3.034  41   11   16   0.083 
 2012   322   3.036  42   11   17   0.082 
 2012   323   3.039  44   11   18   0.079 
 2012   324   3.030  44   11   19   0.080 
 2012   325   3.037  43   11   20   0.081 
 2012   326   3.045  40   11   21   0.079 
 2012   327   3.078  42   11   22   0.090 
 2012   328   3.086  42   11   23   0.086 
 2012   329   3.106  42   11   24   0.089 
 2012   330   3.115  42   11   25   0.088 
 2012   331   3.113  48   11   26   0.085 
 2012   332   3.111  47   11   27   0.081 
 2012   333   3.117  48   11   28   0.078 
 2012   334   3.121  49   11   29   0.075 
 2012   335   3.112  45   11   30   0.079 
 2012   336   3.112  44   12    1   0.083 
 2012   337   3.118  49   12    2   0.082 
 2012   338   3.114  48   12    3   0.086 
 2012   339   3.115  47   12    4   0.083 
 2012   340   3.121  49   12    5   0.088 
 2012   341   3.110  48   12    6   0.087 
 2012   342   3.105  31   12    7   0.092 
 2012   343   2.810  25   12    8   0.083 
 2012   344   2.715  45   12    9   0.076 
 2012   345   2.845  39   12   10   0.085 
 2012   346   2.852  43   12   11   0.109 
 2012   347   2.956  44   12   12   0.111 
 2012   348   2.978  49   12   13   0.102 
 2012   349   2.979  51   12   14   0.098 
 2012   350   2.990  50   12   15   0.112 
 2012   351   2.943  44   12   16   0.107 
 2012   352   3.042  38   12   17   0.090 
 2012   353   2.791  28   12   18   0.132 
 2012   354   2.781  43   12   19   0.086 
 2012   355   2.859  42   12   20   0.123 
 2012   356   2.947  42   12   21   0.105 
 2012   357   2.995  48   12   22   0.073 
 2012   358   3.026  49   12   23   0.078 
 2012   359   3.021  49   12   24   0.087 
 2012   360   2.980  14   12   25   0.108 
 2012   361   3.019  50   12   26   0.098 
 2012   362   2.928  50   12   27   0.108 
 2012   363   2.876  51   12   28   0.055 
 2012   364   2.854  49   12   29   0.097 
 2013     1   2.824  50    1    1   0.081 
 2013     2   2.825  51    1    2   0.079 
 2013     3   2.832  51    1    3   0.082 
 2013     4   2.836  53    1    4   0.084 
 2013     5   2.837  52    1    5   0.080 
 2013     6   2.857  49    1    6   0.108 
 2013     7   2.912  46    1    7   0.141 
 2013     8   3.044  47    1    8   0.114 
 2013     9   3.053  53    1    9   0.107 
 2013    10   3.043  49    1   10   0.118 
 2013    11   3.039  50    1   11   0.115 
 2013    12   3.032  49    1   12   0.094 
 2013    13   2.986  51    1   13   0.087 
 2013    14   2.984  51    1   14   0.083 
 2013    15   3.001  50    1   15   0.078 
 2013    16   3.021  50    1   16   0.077 
 2013    17   3.021  51    1   17   0.086 
 2013    18   3.021  52    1   18   0.086 
 2013    19   3.044  50    1   19   0.087 
 2013    20   3.047  47    1   20   0.095 
 2013    21   3.054  48    1   21   0.100 
 2013    22   3.059  48    1   22   0.104 
 2013    23   3.073  43    1   23   0.112 
 2013    24   3.088  46    1   24   0.108 
 2013    25   3.083  46    1   25   0.114 
 2013    26   3.083  49    1   26   0.119 
 2013    27   3.058  48    1   27   0.116 
 2013    28   3.035  49    1   28   0.091 
 2013    29   3.005  42    1   29   0.100 
 2013    30   3.008  44    1   30   0.096 
 2013    31   3.044  46    1   31   0.085 
 2013    32   3.045  46    2    1   0.085 
 2013    33   2.970  38    2    2   0.128 
 2013    34   3.045  44    2    3   0.077 
 2013    35   3.095  47    2    4   0.127 
 2013    36   3.111  41    2    5   0.113 
 2013    37   3.120  45    2    6   0.111 
 2013    38   3.064  29    2    7   0.106 
 2013    39   3.056  38    2    8   0.096 
 2013    40   3.062  40    2    9   0.106 
 2013    41   3.010  43    2   10   0.095 
 2013    42   2.961  41    2   11   0.067 
 2013    43   2.978  45    2   12   0.065 
 2013    44   3.011  47    2   13   0.091 
 2013    45   3.014  34    2   14   0.137 
 2013    46   2.822  39    2   15   0.142 
 2013    47   2.960  44    2   16   0.144 
 2013    48   2.914  41    2   17   0.123 
 2013    49   2.965  39    2   18   0.121 
 2013    50   2.967  41    2   19   0.124 
 2013    51   2.986  38    2   20   0.111 
 2013    52   2.971  30    2   21   0.131 
 2013    53   2.942  32    2   22   0.126 
 2013    54   2.944  45    2   23   0.111 
 2013    55   2.991  28    2   24   0.122 
 2013    56   2.855  32    2   25   0.117 
 2013    57   2.829  44    2   26   0.124 
 2013    58   2.825  48    2   27   0.102 
 2013    59   2.842  42    2   28   0.092 
 2013    60   2.916  37    3    1   0.130 
 2013    61   2.975  41    3    2   0.118 
 2013    62   2.993  41    3    3   0.109 
 2013    63   2.886  20    3    4   0.156 
 2013    64   2.891  24    3    5   0.129 
 2013    65   2.982  45    3    6   0.096 
 2013    66   2.982  45    3    7   0.105 
 2013    67   2.983  47    3    8   0.101 
 2013    68   2.972  36    3    9   0.104 
 2013    69   2.920  30    3   10   0.108 
 2013    70   2.973  44    3   11   0.126 
 2013    71   2.936  40    3   12   0.104 
 2013    72   2.883  49    3   13   0.094 
 2013    73   2.922  46    3   14   0.093 
 2013    74   2.956  47    3   15   0.098 
 2013    75   2.971  48    3   16   0.103 
 2013    76   2.949  47    3   17   0.117 
 2013    77   2.892  33    3   18   0.088 
 2013    78   2.874  44    3   19   0.123 
 2013    79   2.840  50    3   20   0.083 
 2013    80   2.833  43    3   21   0.117 
 2013    81   2.802  34    3   22   0.115 
 2013    82   2.743  24    3   23   0.073 
 2013    83   2.746  49    3   24   0.070 
 2013    84   2.768  40    3   25   0.108 
 2013    85   2.755  52    3   26   0.107 
 2013    86   2.731  45    3   27   0.091 
 2013    87   2.694  48    3   28   0.096 
 2013    88   2.701  47    3   29   0.084 
 2013    89   2.695  42    3   30   0.086 
 2013    90   2.700  45    3   31   0.076 
 2013    91   2.749  49    4    1   0.059 
 2013    92   2.714  44    4    2   0.066 
 2013    93   2.623  31    4    3   0.056 
 2013    94   2.634  34    4    4   0.053 
 2013    95   2.653  41    4    5   0.059 
 2013    96   2.700  46    4    6   0.069 
 2013    97   2.675  44    4    7   0.061 
 2013    98   2.696  44    4    8   0.088 
 2013    99   2.603  33    4    9   0.123 
 2013   100   2.593  40    4   10   0.105 
 2013   101   2.618  39    4   11   0.089 
 2013   102   2.523  45    4   12   0.102 
 2013   103   2.559  47    4   13   0.102 
 2013   104   2.415  37    4   14   0.148 
 2013   105   2.154  26    4   15   0.155 
 2013   106   2.075  43    4   16   0.112 
 2013   107   2.142  45    4   17   0.076 
 2013   108   2.063  25    4   18   0.096 
 2013   109   2.184  45    4   19   0.095 
 2013   110   2.262  44    4   20   0.088 
 2013   111   2.259  46    4   21   0.083 
 2013   112   2.180  38    4   22   0.138 
 2013   113   1.855  43    4   23   0.094 
 2013   114   1.919  50    4   24   0.077 
 2013   115   2.002  49    4   25   0.070 
 2013   116   2.039  52    4   26   0.064 
 2013   117   2.079  50    4   27   0.059 
 2013   118   2.121  49    4   28   0.060 
 2013   119   2.166  50    4   29   0.065 
 2013   120   2.211  47    4   30   0.086 
 2013   121   2.076  34    5    1   0.114 
 2013   122   1.962  37    5    2   0.093 
 2013   123   2.056  46    5    3   0.102 
 2013   124   2.065  45    5    4   0.059 
 2013   125   2.076  45    5    5   0.058 
 2013   126   2.055  42    5    6   0.066 
 2013   127   2.068  48    5    7   0.056 
 2013   128   2.050  51    5    8   0.086 
 2013   129   1.859  43    5    9   0.110 
 2013   130   1.801  45    5   10   0.081 
 2013   131   1.830  52    5   11   0.083 
 2013   132   1.870  53    5   12   0.086 
 2013   133   1.961  53    5   13   0.082 
 2013   134   2.045  50    5   14   0.087 
 2013   135   2.125  53    5   15   0.085 
 2013   136   2.147  54    5   16   0.083 
 2013   137   2.222  51    5   17   0.072 
 2013   138   2.259  51    5   18   0.072 
 2013   139   2.266  49    5   19   0.060 
 2013   140   2.265  49    5   20   0.069 
 2013   141   2.257  50    5   21   0.081 
 2013   142   2.284  51    5   22   0.056 
 2013   143   2.340  54    5   23   0.072 
 2013   144   2.392  49    5   24   0.058 
 2013   145   2.432  50    5   25   0.064 
 2013   146   2.494  48    5   26   0.067 
 2013   147   2.539  50    5   27   0.077 
 2013   148   2.579  50    5   28   0.073 
 2013   149   2.599  48    5   29   0.072 
 2013   150   2.601  50    5   30   0.068 
 2013   151   2.602  48    5   31   0.068 
 2013   152   2.623  50    6    1   0.075 
 2013   153   2.673  50    6    2   0.076 
 2013   154   2.706  47    6    3   0.076 
 2013   155   2.780  49    6    4   0.085 
 2013   156   2.799  49    6    5   0.078 
 2013   157   2.850  46    6    6   0.084 
 2013   158   2.871  40    6    7   0.074 
 2013   159   2.925  31    6    8   0.113 
 2013   160   3.090  33    6    9   0.155 
 2013   161   3.211  32    6   10   0.095 
 2013   162   3.186  31    6   11   0.104 
 2013   163   3.177  30    6   12   0.101 
 2013   164   3.153  35    6   13   0.096 
 2013   165   3.156  35    6   14   0.109 
 2013   166   3.134  38    6   15   0.101 
 2013   167   3.128  38    6   16   0.101 
 2013   168   3.124  39    6   17   0.097 
 2013   169   3.118  35    6   18   0.108 
 2013   170   3.108  39    6   19   0.098 
 2013   171   3.116  41    6   20   0.102 
 2013   172   3.097  41    6   21   0.095 
 2013   173   3.098  45    6   22   0.102 
 2013   174   3.092  45    6   23   0.094 
 2013   175   3.093  47    6   24   0.098 
 2013   176   3.079  43    6   25   0.094 
 2013   177   3.089  47    6   26   0.095 
 2013   178   3.087  46    6   27   0.091 
 2013   179   3.094  48    6   28   0.107 
 2013   180   3.078  47    6   29   0.089 
 2013   204   3.077  32    7   23   0.093 
 2013   205   3.060  26    7   24   0.087 
 2013   206   3.072  28    7   25   0.098 
 2013   207   3.087  35    7   26   0.096 
 2013   208   3.067  31    7   27   0.090 
 2013   209   3.063  27    7   28   0.091 
 2013   210   3.080  32    7   29   0.105 
 2013   211   3.073  34    7   30   0.093 
 2013   212   3.082  33    7   31   0.103 
 2013   213   3.073  32    8    1   0.090 
 2013   214   3.073  28    8    2   0.103 
 2013   215   3.060  32    8    3   0.091 
 2013   216   3.077  34    8    4   0.089 
 2013   217   3.068  33    8    5   0.095 
 2013   218   3.071  34    8    6   0.089 
 2013   219   3.063  30    8    7   0.087 
 2013   220   3.060  35    8    8   0.090 
 2013   221   3.060  33    8    9   0.093 
 2013   222   3.062  35    8   10   0.084 
 2013   223   3.070  35    8   11   0.089 
 2013   224   3.074  33    8   12   0.095 
 2013   225   3.065  26    8   13   0.103 
 2013   226   3.060  31    8   14   0.092 
 2013   227   3.070  33    8   15   0.093 
 2013   228   3.069  34    8   16   0.089 
 2013   229   3.071  29    8   17   0.096 
 2013   230   3.072  30    8   18   0.090 
 2013   231   3.067  35    8   19   0.083 
 2013   232   3.076  34    8   20   0.079 
 2013   233   3.084  33    8   21   0.101 
 2013   234   3.082  39    8   22   0.089 
 2013   235   3.097  31    8   23   0.109 
 2013   236   3.088  37    8   24   0.088 
 2013   237   3.087  37    8   25   0.097 
 2013   238   3.082  33    8   26   0.087 
 2013   239   3.086  33    8   27   0.093 
 2013   240   3.074  32    8   28   0.086 
 2013   241   3.086  38    8   29   0.090 
 2013   242   3.093  34    8   30   0.097 
 2013   243   3.092  33    8   31   0.091 
 2013   244   3.096  37    9    1   0.094 
 2013   245   3.091  35    9    2   0.092 
 2013   246   3.104  36    9    3   0.107 
 2013   247   3.112  37    9    4   0.117 
 2013   248   3.092  35    9    5   0.090 
 2013   249   3.082  34    9    6   0.095 
 2013   250   3.101  37    9    7   0.097 
 2013   251   3.088  34    9    8   0.101 
 2013   252   3.098  35    9    9   0.095 
 2013   253   3.094  34    9   10   0.096 
 2013   254   3.089  32    9   11   0.096 
 2013   255   3.085  24    9   12   0.094 
 2013   256   3.120  31    9   13   0.105 
 2013   257   3.119  32    9   14   0.116 
 2013   258   3.107  32    9   15   0.112 
 2013   259   3.127  37    9   16   0.117 
 2013   260   3.116  34    9   17   0.126 
 2013   261   3.118  37    9   18   0.114 
 2013   262   3.121  36    9   19   0.131 
 2013   263   3.103  36    9   20   0.096 
 2013   264   3.118  38    9   21   0.108 
 2013   265   3.091  37    9   22   0.096 
 2013   266   3.031  34    9   23   0.110 
 2013   267   2.987  28    9   24   0.113 
 2013   268   3.093  40    9   25   0.105 
 2013   269   3.112  38    9   26   0.112 
 2013   270   3.099  39    9   27   0.110 
 2013   271   3.046  32    9   28   0.085 
 2013   272   3.116  44    9   29   0.108 
 2013   273   3.106  38    9   30   0.103 
 2013   274   3.101  39   10    1   0.100 
 2013   275   3.104  40   10    2   0.100 
 2013   276   3.110  45   10    3   0.106 
 2013   277   3.024  26   10    4   0.121 
 2013   278   3.014  40   10    5   0.104 
 2013   279   3.044  34   10    6   0.096 
 2013   280   3.107  43   10    7   0.099 
 2013   281   3.118  40   10    8   0.113 
 2013   282   3.099  41   10    9   0.096 
 2013   283   3.112  43   10   10   0.106 
 2013   284   3.044  30   10   11   0.095 
 2013   285   3.046  41   10   12   0.099 
 2013   286   3.064  48   10   13   0.110 
 2013   287   3.056  45   10   14   0.097 
 2013   288   3.023  37   10   15   0.103 
 2013   289   2.974  24   10   16   0.104 
 2013   290   3.043  49   10   17   0.093 
 2013   291   2.994  27   10   18   0.100 
 2013   292   3.030  47   10   19   0.105 
 2013   293   3.058  44   10   20   0.103 
 2013   294   3.042  38   10   21   0.104 
 2013   295   3.048  47   10   22   0.092 
 2013   296   3.049  46   10   23   0.090 
 2013   297   3.056  48   10   24   0.094 
 2013   298   3.063  45   10   25   0.089 
 2013   299   3.066  45   10   26   0.088 
 2013   300   3.073  43   10   27   0.080 
 2013   301   3.072  39   10   28   0.083 
 2013   302   3.098  39   10   29   0.096 
 2013   303   3.020  46   10   30   0.085 
 2013   304   3.027  51   10   31   0.090 
 2013   305   3.006  54   11    1   0.094 
 2013   306   3.011  55   11    2   0.089 
 2013   307   3.066  48   11    3   0.085 
 2013   308   3.027  42   11    4   0.092 
 2013   309   3.025  47   11    5   0.091 
 2013   310   3.050  49   11    6   0.100 
 2013   311   3.040  52   11    7   0.092 
 2013   312   3.057  43   11    8   0.093 
 2013   313   3.092  49   11    9   0.100 
 2013   314   3.097  48   11   10   0.099 
 2013   315   3.112  48   11   11   0.106 
 2013   316   3.111  47   11   12   0.107 
 2013   317   3.119  49   11   13   0.109 
 2013   318   3.115  51   11   14   0.106 
 2013   319   3.108  48   11   15   0.102 
 2013   320   3.096  35   11   16   0.122 
 2013   321   2.966  44   11   17   0.101 
 2013   322   2.997  50   11   18   0.127 
 2013   323   3.019  45   11   19   0.118 
 2013   324   3.033  45   11   20   0.105 
 2013   325   3.032  48   11   21   0.092 
 2013   326   3.023  45   11   22   0.098 
 2013   327   3.013  21   11   23   0.114 
 2013   328   2.888  23   11   24   0.097 
 2013   329   2.876  28   11   25   0.076 
 2013   330   2.933  36   11   26   0.095 
 2013   331   2.951  45   11   27   0.087 
 2013   332   2.955  47   11   28   0.091 
 2013   333   2.980  48   11   29   0.093 
 2013   334   2.999  46   11   30   0.098 
 2013   335   3.042  52   12    1   0.095 
 2013   336   3.043  40   12    2   0.121 
 2013   337   2.764  17   12    3   0.159 
 2013   338   2.663  36   12    4   0.119 
 2013   339   2.843  47   12    5   0.149 
 2013   340   2.860  37   12    6   0.154 
 2013   341   2.767  47   12    7   0.163 
 2013   342   2.767  50   12    8   0.131 
 2013   343   2.723  49   12    9   0.126 
 2013   344   2.767  40   12   10   0.108 
 2013   345   2.840  47   12   11   0.089 
 2013   346   2.837  47   12   12   0.118 
 2013   347   2.855  50   12   13   0.117 
 2013   348   2.846  46   12   14   0.117 
 2013   349   2.847  47   12   15   0.120 
 2013   350   2.830  41   12   16   0.124 
 2013   351   2.834  33   12   17   0.139 
 2013   352   2.861  20   12   18   0.157 
 2013   354   2.755  12   12   20   0.083 
 2013   355   2.872  30   12   21   0.114 
 2013   356   2.889  37   12   22   0.083 
 2013   357   2.946  20   12   23   0.147 
 2013   358   2.833  23   12   24   0.152 
 2013   359   2.771  42   12   25   0.091 
 2013   360   2.804  39   12   26   0.103 
 2013   361   2.858  31   12   27   0.109 
 2013   362   2.829  32   12   28   0.124 
 2013   363   2.761  21   12   29   0.091 
 2013   364   2.857  24   12   30   0.113 
 2013   365   2.862  23   12   31   0.139 
 2014     1   2.811  29    1    1   0.128 
 2014     2   2.847  21    1    2   0.128 
 2014     3   2.871  25    1    3   0.117 
 2014     4   2.852  15    1    4   0.126 
 2014     5   2.733  21    1    5   0.131 
 2014     6   2.874  23    1    6   0.150 
 2014     7   2.903  19    1    7   0.107 
 2014     8   2.867  24    1    8   0.112 
 2014     9   2.900  26    1    9   0.082 
 2014    10   2.870  16    1   10   0.092 
 2014    11   2.926  16    1   11   0.095 
 2014    12   2.924  21    1   12   0.122 
 2014    13   2.948  18    1   13   0.091 
 2014    14   2.932  20    1   14   0.105 
 2014    15   2.956  14    1   15   0.119 
 2014    16   2.924  17    1   16   0.095 
 2014    17   2.917  17    1   17   0.091 
 2014    18   2.935  17    1   18   0.099 
 2014    19   2.969  11    1   19   0.108 
 2014    20   2.962  13    1   20   0.120 
 2014    22   3.078  12    1   22   0.149 
 2014    27   2.897  22    1   27   0.137 
 2014    28   2.864  40    1   28   0.100 
 2014    29   2.996  14    1   29   0.084 
 2014    30   2.912  20    1   30   0.138 
 2014    31   2.477  42    1   31   0.104 
 2014    32   2.525  48    2    1   0.084 
 2014    33   2.661  37    2    2   0.143 
 2014    34   2.597  38    2    3   0.131 
 2014    35   2.609  53    2    4   0.099 
 2014    36   2.598  47    2    5   0.111 
 2014    37   2.606  51    2    6   0.080 
 2014    38   2.545  47    2    7   0.105 
 2014    39   2.373  42    2    8   0.115 
 2014    40   2.055  33    2    9   0.122 
 2014    41   1.826  34    2   10   0.084 
 2014    42   1.956  40    2   11   0.084 
 2014    43   1.991  33    2   12   0.100 
 2014    44   2.115  34    2   13   0.161 
 2014    45   2.024  45    2   14   0.112 
 2014    46   2.032  47    2   15   0.058 
 2014    47   2.047  49    2   16   0.085 
 2014    48   2.020  44    2   17   0.092 
 2014    49   2.052  47    2   18   0.063 
 2014    50   2.050  46    2   19   0.085 
 2014    51   2.035  42    2   20   0.100 
 2014    52   2.078  44    2   21   0.106 
 2014    53   1.888  34    2   22   0.123 
 2014    54   1.610  32    2   23   0.082 
 2014    55   2.057  21    2   24   0.141 
 2014    56   1.964  50    2   25   0.057 
 2014    57   1.928  48    2   26   0.099 
 2014    58   1.966  52    2   27   0.072 
 2014    59   1.758  45    2   28   0.143 
 2014    60   1.606  45    3    1   0.119 
 2014    61   1.614  45    3    2   0.098 
 2014    62   1.681  47    3    3   0.120 
 2014    63   1.721  49    3    4   0.081 
 2014    64   1.674  29    3    5   0.129 
 2014    65   1.675  48    3    6   0.118 
 2014    66   1.667  49    3    7   0.123 
 2014    67   1.541  47    3    8   0.089 
 2014    68   1.552  38    3    9   0.101 
 2014    69   1.731  52    3   10   0.064 
 2014    70   1.647  41    3   11   0.119 
 2014    71   1.449  48    3   12   0.088 
 2014    72   1.610  45    3   13   0.125 
 2014    73   1.648  52    3   14   0.068 
 2014    74   1.668  51    3   15   0.066 
 2014    75   1.684  54    3   16   0.066 
 2014    76   1.685  53    3   17   0.063 
 2014    77   1.627  42    3   18   0.110 
 2014    78   1.634  47    3   19   0.119 
 2014    79   1.688  47    3   20   0.085 
 2014    80   1.709  51    3   21   0.055 
 2014    81   1.654  47    3   22   0.104 
 2014    82   1.699  39    3   23   0.105 
 2014    83   1.726  53    3   24   0.056 
 2014    84   1.726  51    3   25   0.051 
 2014    85   1.738  50    3   26   0.056 
 2014    86   1.740  49    3   27   0.060 
 2014    87   1.705  39    3   28   0.114 
 2014    88   1.755  51    3   29   0.083 
 2014    89   1.741  48    3   30   0.074 
 2014    90   1.753  49    3   31   0.101 
 2014    91   1.793  45    4    1   0.074 
 2014    92   1.665  46    4    2   0.075 
 2014    93   1.569  39    4    3   0.137 
 2014    94   1.515  43    4    4   0.077 
 2014    95   1.593  48    4    5   0.080 
 2014    96   1.607  47    4    6   0.092 
 2014    97   1.569  42    4    7   0.123 
 2014    98   1.534  49    4    8   0.089 
 2014    99   1.575  53    4    9   0.072 
 2014   100   1.597  53    4   10   0.072 
 2014   101   1.605  53    4   11   0.064 
 2014   102   1.625  48    4   12   0.071 
 2014   103   1.559  36    4   13   0.115 
 2014   104   1.442  42    4   14   0.104 
 2014   105   1.620  43    4   15   0.092 
 2014   106   1.669  47    4   16   0.066 
 2014   107   1.680  48    4   17   0.062 
 2014   108   1.696  48    4   18   0.062 
 2014   109   1.723  49    4   19   0.059 
 2014   110   1.720  49    4   20   0.070 
 2014   111   1.734  52    4   21   0.053 
 2014   112   1.744  54    4   22   0.050 
 2014   113   1.757  54    4   23   0.053 
 2014   114   1.757  55    4   24   0.055 
 2014   115   1.764  55    4   25   0.064 
 2014   116   1.772  54    4   26   0.061 
 2014   117   1.738  50    4   27   0.077 
 2014   118   1.741  51    4   28   0.083 
 2014   119   1.758  51    4   29   0.105 
 2014   120   1.735  47    4   30   0.076 
 2014   121   1.759  53    5    1   0.055 
 2014   122   1.771  53    5    2   0.054 
 2014   123   1.788  54    5    3   0.066 
 2014   124   1.802  54    5    4   0.064 
 2014   125   1.825  54    5    5   0.057 
 2014   126   1.837  52    5    6   0.058 
 2014   127   1.849  53    5    7   0.056 
 2014   128   1.825  48    5    8   0.068 
 2014   129   1.790  49    5    9   0.086 
 2014   130   1.619  52    5   10   0.091 
 2014   131   1.540  42    5   11   0.092 
 2014   132   1.453  32    5   12   0.107 
 2014   133   1.417  38    5   13   0.090 
 2014   134   1.453  49    5   14   0.068 
 2014   135   1.468  50    5   15   0.079 
 2014   136   1.501  52    5   16   0.088 
 2014   137   1.466  44    5   17   0.102 
 2014   138   1.553  52    5   18   0.094 
 2014   139   1.625  53    5   19   0.103 
 2014   140   1.675  52    5   20   0.092 
 2014   141   1.718  51    5   21   0.092 
 2014   142   1.744  52    5   22   0.073 
 2014   143   1.760  52    5   23   0.091 
 2014   144   1.787  52    5   24   0.078 
 2014   145   1.756  52    5   25   0.112 
 2014   146   1.746  53    5   26   0.080 
 2014   147   1.797  52    5   27   0.080 
 2014   148   1.844  51    5   28   0.084 
 2014   149   1.910  53    5   29   0.085 
 2014   150   1.964  53    5   30   0.085 
 2014   151   1.996  55    5   31   0.090 
 2014   152   2.062  53    6    1   0.082 
 2014   153   2.102  53    6    2   0.091 
 2014   154   2.156  55    6    3   0.098 
 2014   155   2.209  54    6    4   0.105 
 2014   156   2.264  56    6    5   0.093 
 2014   157   2.299  52    6    6   0.102 
 2014   158   2.329  52    6    7   0.104 
 2014   159   2.378  52    6    8   0.112 
 2014   160   2.384  49    6    9   0.100 
 2014   161   2.443  53    6   10   0.096 
 2014   162   2.500  58    6   11   0.098 
 2014   163   2.557  53    6   12   0.102 
 2014   164   2.624  55    6   13   0.102 
 2014   165   2.669  46    6   14   0.099 
 2014   166   2.672  44    6   15   0.082 
 2014   167   2.706  34    6   16   0.118 
 2014   168   2.790  29    6   17   0.112 
 2014   169   2.822  28    6   18   0.105 
 2014   170   2.909  20    6   19   0.144 
 2014   171   3.124  14    6   20   0.166 
 2014   172   3.249  18    6   21   0.125 
 2014   173   3.257  18    6   22   0.138 
 2014   174   3.230  32    6   23   0.068 
 2014   175   3.234  28    6   24   0.077 
 2014   176   3.237  29    6   25   0.129 
 2014   177   3.157  37    6   26   0.117 
 2014   178   3.118  32    6   27   0.094 
 2014   179   3.134  35    6   28   0.108 
 2014   180   3.135  38    6   29   0.113 
 2014   181   3.123  36    6   30   0.094 
 2014   182   3.106  40    7    1   0.075 
 2014   183   3.100  39    7    2   0.084 
 2014   184   3.085  38    7    3   0.076 
 2014   185   3.077  37    7    4   0.079 
 2014   186   3.087  39    7    5   0.091 
 2014   187   3.079  38    7    6   0.084 
 2014   188   3.074  37    7    7   0.085 
 2014   189   3.068  35    7    8   0.082 
 2014   190   3.071  35    7    9   0.090 
 2014   191   3.064  38    7   10   0.081 
 2014   192   3.066  34    7   11   0.089 
 2014   193   3.062  33    7   12   0.087 
 2014   194   3.070  35    7   13   0.098 
 2014   195   3.058  34    7   14   0.089 
 2014   196   3.060  33    7   15   0.084 
 2014   197   3.062  31    7   16   0.087 
 2014   198   3.054  28    7   17   0.091 
 2014   199   3.072  30    7   18   0.095 
 2014   200   3.084  33    7   19   0.090 
 2014   201   3.060  29    7   20   0.095 
 2014   202   3.060  29    7   21   0.090 
 2014   203   3.062  28    7   22   0.093 
 2014   204   3.070  28    7   23   0.102 
 2014   205   3.059  22    7   24   0.080 
 2014   206   3.064  25    7   25   0.095 
 2014   207   3.074  25    7   26   0.103 
 2014   208   3.069  28    7   27   0.095 
 2014   209   3.092  29    7   28   0.096 
 2014   210   3.056  23    7   29   0.090 
 2014   211   3.039  17    7   30   0.112 
 2014   212   3.053  22    7   31   0.094 
 2014   213   3.057  26    8    1   0.093 
 2014   214   3.063  22    8    2   0.087 
 2014   215   3.067  24    8    3   0.085 
 2014   216   3.074  23    8    4   0.101 
 2014   217   3.083  27    8    5   0.095 
 2014   218   3.078  26    8    6   0.097 
 2014   219   3.068  25    8    7   0.082 
 2014   220   3.079  29    8    8   0.098 
 2014   221   3.062  24    8    9   0.088 
 2014   222   3.064  29    8   10   0.090 
 2014   223   3.109  29    8   11   0.114 
 2014   224   3.091  28    8   12   0.112 
 2014   225   3.082  26    8   13   0.093 
 2014   226   3.098  31    8   14   0.105 
 2014   227   3.082  27    8   15   0.094 
 2014   228   3.101  30    8   16   0.109 
 2014   229   3.095  28    8   17   0.095 
 2014   230   3.083  29    8   18   0.092 
 2014   231   3.106  29    8   19   0.106 
 2014   232   3.119  31    8   20   0.119 
 2014   233   3.084  27    8   21   0.097 
 2014   234   3.119  28    8   22   0.120 
 2014   235   3.122  29    8   23   0.129 
 2014   236   3.115  32    8   24   0.109 
 2014   237   3.126  34    8   25   0.128 
 2014   238   3.133  33    8   26   0.131 
 2014   239   3.131  30    8   27   0.141 
 2014   240   3.105  29    8   28   0.122 
 2014   241   3.123  30    8   29   0.117 
 2014   242   3.142  33    8   30   0.131 
 2014   243   3.115  28    8   31   0.125 
 2014   244   3.146  33    9    1   0.123 
 2014   245   3.148  35    9    2   0.122 
 2014   246   3.129  34    9    3   0.135 
 2014   247   3.127  39    9    4   0.113 
 2014   248   3.093  30    9    5   0.097 
 2014   249   3.142  38    9    6   0.129 
 2014   250   3.120  41    9    7   0.124 
 2014   251   3.110  42    9    8   0.102 
 2014   252   3.087  32    9    9   0.099 
 2014   253   3.131  32    9   10   0.137 
 2014   254   3.143  38    9   11   0.128 
 2014   255   3.125  42    9   12   0.119 
 2014   256   3.119  41    9   13   0.113 
 2014   257   3.134  43    9   14   0.119 
 2014   258   3.120  45    9   15   0.112 
 2014   259   3.126  46    9   16   0.113 
 2014   260   3.117  46    9   17   0.096 
 2014   261   3.111  49    9   18   0.097 
 2014   262   3.132  47    9   19   0.122 
 2014   263   3.111  46    9   20   0.096 
 2014   264   3.110  47    9   21   0.101 
 2014   265   3.138  45    9   22   0.112 
 2014   266   3.119  40    9   23   0.102 
 2014   267   3.140  51    9   24   0.120 
 2014   268   3.131  45    9   25   0.110 
 2014   269   3.134  47    9   26   0.111 
 2014   270   3.125  46    9   27   0.109 
 2014   271   3.123  44    9   28   0.111 
 2014   272   3.121  42    9   29   0.113 
 2014   273   3.087  42    9   30   0.115 
 2014   274   3.053  31   10    1   0.116 
 2014   275   3.088  43   10    2   0.121 
 2014   276   3.093  45   10    3   0.132 
 2014   277   3.115  41   10    4   0.119 
 2014   278   3.146  44   10    5   0.123 
 2014   279   3.112  41   10    6   0.095 
 2014   280   3.146  43   10    7   0.123 
 2014   281   3.141  41   10    8   0.123 
 2014   282   3.103  42   10    9   0.100 
 2014   283   2.993  46   10   10   0.115 
 2014   284   3.019  47   10   11   0.096 
 2014   285   3.039  49   10   12   0.105 
 2014   286   3.041  52   10   13   0.106 
 2014   287   3.051  56   10   14   0.106 
 2014   288   3.062  54   10   15   0.106 
 2014   289   3.088  48   10   16   0.101 
 2014   290   3.117  48   10   17   0.104 
 2014   291   3.126  46   10   18   0.108 
 2014   292   3.124  44   10   19   0.105 
 2014   293   3.109  43   10   20   0.087 
 2014   294   3.130  48   10   21   0.112 
 2014   295   3.109  42   10   22   0.100 
 2014   296   3.097  40   10   23   0.102 
 2014   297   3.144  49   10   24   0.123 
 2014   298   3.136  47   10   25   0.115 
 2014   299   3.141  46   10   26   0.119 
 2014   300   3.005  34   10   27   0.128 
 2014   301   3.012  49   10   28   0.089 
 2014   302   3.049  37   10   29   0.100 
 2014   303   3.082  43   10   30   0.083 
 2014   304   3.124  45   10   31   0.107 
 2014   305   3.143  49   11    1   0.120 
 2014   306   3.138  46   11    2   0.116 
 2014   307   3.074  34   11    3   0.109 
 2014   308   3.037  44   11    4   0.108 
 2014   309   3.042  40   11    5   0.103 
 2014   310   3.032  29   11    6   0.075 
 2014   311   3.071  33   11    7   0.089 
 2014   312   3.051  22   11    8   0.086 
 2014   313   3.100  43   11    9   0.097 
 2014   314   3.098  41   11   10   0.099 
 2014   315   3.022  20   11   11   0.125 
 2014   316   2.983  26   11   12   0.105 
 2014   317   2.991  38   11   13   0.072 
 2014   318   2.933  42   11   14   0.124 
 2014   319   2.893  39   11   15   0.093 
 2014   320   2.763  39   11   16   0.109 
 2014   321   2.823  39   11   17   0.104 
 2014   322   2.978  52   11   18   0.095 
 2014   323   3.001  49   11   19   0.093 
 2014   324   3.005  40   11   20   0.103 
 2014   325   3.016  33   11   21   0.098 
 2014   326   3.059  37   11   22   0.095 
 2014   327   3.044  44   11   23   0.119 
 2014   328   2.997  40   11   24   0.107 
 2014   329   2.885  47   11   25   0.115 
 2014   330   3.059  47   11   26   0.104 
 2014   331   3.067  50   11   27   0.081 
 2014   332   3.040  49   11   28   0.078 
 2014   333   3.048  38   11   29   0.063 
 2014   334   3.049  40   11   30   0.065 
 2014   335   3.020  34   12    1   0.069 
 2014   336   3.026  41   12    2   0.084 
 2014   337   3.051  39   12    3   0.063 
 2014   338   3.047  39   12    4   0.060 
 2014   339   3.048  41   12    5   0.065 
 2014   340   3.049  43   12    6   0.059 
 2014   341   3.050  39   12    7   0.066 
 2014   342   3.050  38   12    8   0.059 
 2014   343   3.051  40   12    9   0.062 
 2014   344   3.050  38   12   10   0.064 
 2014   345   3.054  39   12   11   0.063 
 2014   346   3.055  37   12   12   0.065 
 2014   347   3.064  36   12   13   0.063 
 2014   348   3.044  29   12   14   0.080 
 2014   349   2.971  35   12   15   0.131 
 2014   350   2.992  39   12   16   0.107 
 2014   351   2.897  42   12   17   0.133 
 2014   352   2.839  40   12   18   0.101 
 2014   353   2.820  42   12   19   0.103 
 2014   354   2.823  46   12   20   0.066 
 2014   355   2.843  43   12   21   0.077 
 2014   356   2.728  33   12   22   0.110 
 2014   357   2.562  42   12   23   0.128 
 2014   358   2.603  48   12   24   0.095 
 2014   359   2.723  46   12   25   0.064 
 2014   360   2.653  11   12   26   0.088 
 2014   361   2.617  28   12   27   0.073 
 2014   362   2.707  48   12   28   0.110 
 2014   363   2.734  46   12   29   0.079 
 2014   364   2.698  37   12   30   0.068 
 2014   365   2.691  38   12   31   0.058 
 2015     1   2.696  51    1    1   0.062 
 2015     2   2.695  51    1    2   0.055 
 2015     3   2.706  49    1    3   0.062 
 2015     4   2.712  48    1    4   0.072 
 2015     5   2.728  26    1    5   0.109 
 2015     6   2.777  49    1    6   0.091 
 2015     7   2.794  50    1    7   0.076 
 2015     8   2.802  50    1    8   0.075 
 2015     9   2.798  48    1    9   0.073 
 2015    10   2.800  50    1   10   0.075 
 2015    11   2.799  50    1   11   0.075 
 2015    12   2.780  39    1   12   0.067 
 2015    13   2.769  37    1   13   0.066 
 2015    14   2.763  36    1   14   0.070 
 2015    15   2.741  48    1   15   0.099 
 2015    16   2.768  48    1   16   0.092 
 2015    17   2.806  49    1   17   0.089 
 2015    18   2.822  53    1   18   0.078 
 2015    19   2.820  51    1   19   0.082 
 2015    20   2.776  37    1   20   0.114 
 2015    21   2.679  44    1   21   0.065 
 2015    22   2.602  23    1   22   0.088 
 2015    23   2.610  43    1   23   0.089 
 2015    24   2.661  47    1   24   0.104 
 2015    25   2.845  49    1   25   0.071 
 2015    26   2.855  50    1   26   0.061 
 2015    27   2.855  48    1   27   0.060 
 2015    28   2.861  50    1   28   0.063 
 2015    29   2.869  50    1   29   0.063 
 2015    30   2.864  48    1   30   0.065 
 2015    31   2.854  50    1   31   0.063 
 2015    32   2.814  42    2    1   0.108 
 2015    33   2.862  29    2    2   0.123 
 2015    34   2.834  32    2    3   0.115 
 2015    35   2.851  41    2    4   0.101 
 2015    36   2.651  33    2    5   0.152 
 2015    37   2.555  38    2    6   0.130 
 2015    38   2.793  41    2    7   0.106 
 2015    39   2.855  53    2    8   0.069 
 2015    40   2.867  52    2    9   0.067 
 2015    41   2.864  47    2   10   0.077 
 2015    42   2.839  32    2   11   0.105 
 2015    43   2.865  52    2   12   0.074 
 2015    44   2.881  54    2   13   0.054 
 2015    45   2.881  54    2   14   0.055 
 2015    46   2.882  54    2   15   0.056 
 2015    47   2.687  31    2   16   0.107 
 2015    48   2.684  36    2   17   0.095 
 2015    49   2.823  36    2   18   0.097 
 2015    50   2.733  39    2   19   0.139 
 2015    51   2.694  44    2   20   0.132 
 2015    52   2.494  36    2   21   0.131 
 2015    53   2.426  30    2   22   0.095 
 2015    54   2.448  41    2   23   0.093 
 2015    55   2.488  57    2   24   0.100 
 2015    56   2.534  39    2   25   0.105 
 2015    57   2.406  26    2   26   0.087 
 2015    58   2.415  41    2   27   0.073 
 2015    59   2.436  47    2   28   0.054 
 2015    60   2.412  32    3    1   0.092 
 2015    61   2.406  39    3    2   0.110 
 2015    62   2.386  44    3    3   0.135 
 2015    63   2.305  43    3    4   0.077 
 2015    64   2.340  43    3    5   0.099 
 2015    65   2.425  45    3    6   0.137 
 2015    66   2.464  43    3    7   0.108 
 2015    67   2.465  43    3    8   0.104 
 2015    68   2.469  48    3    9   0.112 
 2015    69   2.473  44    3   10   0.109 
 2015    70   2.471  44    3   11   0.101 
 2015    71   2.477  44    3   12   0.099 
 2015    72   2.455  39    3   13   0.109 
 2015    73   2.389  37    3   14   0.111 
 2015    74   2.453  48    3   15   0.137 
 2015    75   2.498  46    3   16   0.127 
 2015    76   2.526  47    3   17   0.139 
 2015    77   2.529  47    3   18   0.143 
 2015    78   2.533  47    3   19   0.144 
 2015    79   2.538  48    3   20   0.139 
 2015    80   2.535  49    3   21   0.143 
 2015    81   2.531  51    3   22   0.138 
 2015    82   2.536  50    3   23   0.135 
 2015    83   2.403  43    3   24   0.132 
 2015    84   2.227  25    3   25   0.150 
 2015    85   2.229  42    3   26   0.120 
 2015    86   2.306  52    3   27   0.081 
 2015    87   2.333  49    3   28   0.081 
 2015    88   2.351  49    3   29   0.086 
 2015    89   2.374  45    3   30   0.085 
 2015    90   2.390  45    3   31   0.086 
 2015    91   2.406  46    4    1   0.089 
 2015    92   2.412  50    4    2   0.085 
 2015    93   2.176  33    4    3   0.127 
 2015    94   2.253  31    4    4   0.094 
 2015    95   2.270  31    4    5   0.124 
 2015    96   2.318  41    4    6   0.127 
 2015    97   2.334  47    4    7   0.128 
 2015    98   2.343  50    4    8   0.126 
 2015    99   2.357  50    4    9   0.119 
 2015   100   2.353  53    4   10   0.101 
 2015   101   2.357  53    4   11   0.105 
 2015   102   2.365  56    4   12   0.114 
 2015   103   2.373  54    4   13   0.117 
 2015   104   2.391  56    4   14   0.117 
 2015   105   2.397  54    4   15   0.113 
 2015   106   2.356  42    4   16   0.131 
 2015   107   1.993  40    4   17   0.117 
 2015   108   1.945  50    4   18   0.074 
 2015   109   1.970  47    4   19   0.074 
 2015   110   1.944  48    4   20   0.105 
 2015   111   1.902  56    4   21   0.078 
 2015   112   1.943  60    4   22   0.079 
 2015   113   1.969  60    4   23   0.074 
 2015   114   1.983  58    4   24   0.070 
 2015   115   1.969  57    4   25   0.087 
 2015   116   1.896  40    4   26   0.084 
 2015   117   1.843  52    4   27   0.120 
 2015   118   1.901  57    4   28   0.090 
 2015   119   1.946  59    4   29   0.094 
 2015   120   2.006  58    4   30   0.084 
 2015   121   2.049  44    5    1   0.098 
