  1  1.89  1   40.90 349   0  90
  2  1.89  5   53.31 347   0  90
  3  1.89  6   59.71 348   0  90
  4  1.89  8   43.36 353   0  90
  5  1.89 15   48.17 350   0  90
  6  1.89 24   43.16 250   0  90
  7  1.89 26   44.93 352   0  90
  8  1.91 27   40.20 351   0  90
  9  1.89 31   60.32 346   0  90
 10  1.88  1  129.37 348  90 180
 11  1.85  5  176.20 135  90 180
 12  1.83  7  148.01 350  90 180
 13  1.84  8  156.89 342  90 180
 14  1.83  9  177.62  26  90 180
 15  1.84 10  136.88 352  90 180
 16  1.84 15  166.96 350  90 180
 17  1.89 24  126.57 348  90 180
 18  1.84 26  160.94 342  90 180
 19  1.86 27  135.26 341  90 180
 20  1.85 29  172.00 353  90 180
 21  1.85 30  161.64 354  90 180
 22  1.89  1  230.45 348 180 270
 23  1.88  3  193.02 352 180 270
 24  1.87  6  185.01 353 180 270
 25  1.92  7  258.10  51 180 270
 26  1.91 10  246.34 348 180 270
 27  1.88 12  185.34 352 180 270
 28  1.86 17  204.08 354 180 270
 29  1.89 24  227.22 349 180 270
 30  1.88 25  206.53 352 180 270
 31  1.92 27  238.07 346 180 270
 32  1.87 31  185.92 353 180 270
 33  1.88 32  210.07 353 180 270
 34  1.87  1  319.16 350 270 360
 35  1.85  3  312.79 350 270 360
 36  1.84  9  303.72 351 270 360
 37  1.86 12  309.93 351 270 360
 38  1.86 24  317.62 351 270 360
 39  1.86 25  318.00 352 270 360
 40  1.88 27  319.16 350 270 360
 41  1.84 29  297.34 348 270 360
 42  1.87 30  283.60 344 270 360
