% calculated on 2021-05-11 13:17 
% Daily average reflector heights (RH) calculated using the gnssrefl software 
% year doy   RH    numval month day RH-sigma
% year doy   (m)                      (m)
% (1)  (2)   (3)    (4)    (5)  (6)   (7)
 2020   270  79.786  77    9   26   0.063 
 2020   271  79.809  75    9   27   0.078 
 2020   272  79.777  73    9   28   0.088 
 2020   273  79.861  70    9   29   0.085 
 2020   274  79.892  74    9   30   0.085 
 2020   275  79.940  78   10    1   0.084 
 2020   276  79.862  80   10    2   0.088 
 2020   277  79.817  77   10    3   0.079 
 2020   278  79.781  82   10    4   0.079 
 2020   279  79.735  75   10    5   0.078 
 2020   280  79.824  78   10    6   0.086 
 2020   281  79.801  78   10    7   0.076 
 2020   282  79.827  76   10    8   0.078 
 2020   283  79.980  71   10    9   0.104 
 2020   284  80.214  82   10   10   0.087 
 2020   285  80.354  79   10   11   0.073 
 2020   286  80.395  84   10   12   0.065 
 2020   287  80.155  53   10   13   0.116 
 2020   288  79.888  82   10   14   0.076 
 2020   289  79.907  78   10   15   0.076 
 2020   290  79.767  73   10   16   0.088 
 2020   291  79.696  79   10   17   0.074 
 2020   292  79.687  84   10   18   0.083 
 2020   293  79.684  81   10   19   0.096 
 2020   294  79.531  82   10   20   0.070 
 2020   295  79.422  80   10   21   0.097 
 2020   296  79.354  75   10   22   0.069 
 2020   297  79.280  80   10   23   0.072 
 2020   298  79.374  75   10   24   0.084 
 2020   299  79.442  83   10   25   0.074 
 2020   300  79.471  86   10   26   0.076 
