% calculated on 2021-03-04 10:01 
% year doy   RH    numval month day RH-sigma
% year doy   (m)                      (m)
% (1)  (2)   (3)    (4)    (5)  (6)   (7)
 2018     8   4.869  71    1    8   0.083 
 2018     9   4.869  69    1    9   0.085 
 2018    10   4.881  72    1   10   0.096 
 2018    11   4.875  71    1   11   0.098 
 2018    12   4.871  75    1   12   0.095 
 2018    13   4.884  71    1   13   0.089 
 2018    14   4.884  69    1   14   0.087 
 2018    15   4.878  74    1   15   0.094 
 2018    16   4.878  77    1   16   0.092 
 2018    17   4.884  73    1   17   0.091 
 2018    18   4.874  68    1   18   0.092 
 2018    19   4.896  69    1   19   0.079 
 2018    20   4.888  69    1   20   0.100 
 2018    21   4.854  72    1   21   0.071 
 2018    22   4.864  71    1   22   0.072 
 2018    23   4.864  75    1   23   0.073 
 2018    24   4.867  71    1   24   0.065 
 2018    25   4.870  72    1   25   0.064 
 2018    26   4.865  73    1   26   0.063 
 2018    27   4.868  69    1   27   0.061 
 2018    28   4.869  71    1   28   0.066 
 2018    29   4.868  70    1   29   0.064 
 2018    30   4.869  70    1   30   0.068 
 2018    31   4.865  70    1   31   0.063 
 2018    32   4.875  67    2    1   0.064 
 2018    33   4.868  68    2    2   0.056 
 2018    34   4.864  69    2    3   0.055 
 2018    35   4.843  66    2    4   0.079 
 2018    36   4.804  72    2    5   0.085 
 2018    37   4.818  69    2    6   0.055 
 2018    38   4.810  74    2    7   0.074 
 2018    39   4.808  74    2    8   0.072 
 2018    40   4.828  67    2    9   0.069 
 2018    41   4.822  71    2   10   0.069 
 2018    42   4.816  71    2   11   0.071 
 2018    43   4.829  72    2   12   0.067 
 2018    44   4.823  69    2   13   0.071 
 2018    45   4.831  66    2   14   0.061 
 2018    46   4.833  69    2   15   0.060 
 2018    47   4.828  68    2   16   0.065 
 2018    48   4.832  66    2   17   0.053 
 2018    49   4.821  70    2   18   0.069 
 2018    50   4.831  71    2   19   0.061 
 2018    51   4.836  68    2   20   0.067 
 2018    52   4.832  69    2   21   0.055 
 2018    53   4.826  70    2   22   0.068 
 2018    54   4.837  71    2   23   0.053 
 2018    55   4.830  75    2   24   0.070 
 2018    56   4.831  72    2   25   0.058 
 2018    57   4.833  70    2   26   0.054 
 2018    58   4.835  71    2   27   0.054 
 2018    59   4.832  70    2   28   0.058 
 2018    60   4.838  69    3    1   0.053 
 2018    61   4.836  69    3    2   0.054 
 2018    62   4.832  69    3    3   0.055 
 2018    63   4.835  68    3    4   0.052 
 2018    64   4.813  74    3    5   0.082 
 2018    65   4.826  71    3    6   0.067 
 2018    66   4.826  72    3    7   0.073 
 2018    67   4.819  68    3    8   0.073 
 2018    68   4.847  70    3    9   0.060 
 2018    69   4.828  68    3   10   0.083 
 2018    70   4.783  74    3   11   0.106 
 2018    71   4.748  77    3   12   0.101 
 2018    72   4.756  76    3   13   0.077 
 2018    73   4.754  74    3   14   0.074 
 2018    74   4.739  78    3   15   0.100 
 2018    77   4.621  42    3   18   0.110 
 2018    78   4.645  48    3   19   0.130 
 2018    79   4.756  47    3   20   0.097 
 2018    80   4.752  69    3   21   0.110 
 2018    81   4.770  71    3   22   0.099 
 2018    82   4.747  75    3   23   0.109 
 2018    83   4.663  73    3   24   0.122 
 2018    84   4.624  76    3   25   0.124 
 2018    85   4.628  73    3   26   0.120 
 2018    86   4.645  78    3   27   0.125 
 2018    87   4.625  80    3   28   0.121 
 2018    88   4.607  84    3   29   0.113 
 2018    89   4.608  86    3   30   0.105 
 2018    90   4.604  91    3   31   0.103 
 2018    91   4.618  89    4    1   0.102 
 2018    92   4.610  92    4    2   0.107 
 2018    93   4.603  93    4    3   0.107 
 2018    94   4.609  90    4    4   0.109 
 2018    95   4.611  91    4    5   0.111 
 2018    96   4.606  92    4    6   0.110 
 2018    97   4.611  90    4    7   0.109 
 2018    98   4.612  90    4    8   0.110 
 2018    99   4.614  87    4    9   0.110 
 2018   100   4.616  90    4   10   0.107 
 2018   101   4.610  89    4   11   0.109 
 2018   102   4.616  84    4   12   0.113 
 2018   103   4.591  83    4   13   0.112 
 2018   104   4.580  83    4   14   0.105 
 2018   105   4.604  83    4   15   0.111 
 2018   106   4.570  81    4   16   0.086 
 2018   107   4.622  90    4   17   0.098 
 2018   108   4.639  93    4   18   0.093 
 2018   109   4.642  87    4   19   0.093 
 2018   110   4.640  91    4   20   0.097 
 2018   111   4.631  88    4   21   0.098 
 2018   112   4.636  89    4   22   0.091 
 2018   113   4.636  92    4   23   0.087 
 2018   114   4.632  91    4   24   0.085 
 2018   115   4.635  90    4   25   0.085 
 2018   116   4.630  88    4   26   0.089 
 2018   117   4.631  89    4   27   0.089 
 2018   118   4.623  82    4   28   0.086 
 2018   119   4.625  83    4   29   0.089 
 2018   120   4.620  89    4   30   0.090 
 2018   121   4.633  95    5    1   0.073 
 2018   122   4.642  93    5    2   0.078 
 2018   123   4.635  89    5    3   0.083 
 2018   124   4.638  89    5    4   0.087 
 2018   125   4.642  88    5    5   0.085 
 2018   126   4.640  93    5    6   0.092 
 2018   127   4.642  89    5    7   0.086 
 2018   128   4.621  87    5    8   0.087 
 2018   129   4.620  86    5    9   0.089 
 2018   130   4.651  60    5   10   0.085 
 2018   131   4.628  67    5   11   0.097 
 2018   132   4.584  84    5   12   0.109 
 2018   133   4.546  85    5   13   0.100 
 2018   134   4.463  88    5   14   0.090 
 2018   135   4.478  93    5   15   0.080 
 2018   136   4.472  94    5   16   0.058 
 2018   137   4.479  95    5   17   0.053 
 2018   138   4.492  92    5   18   0.058 
 2018   139   4.464  88    5   19   0.063 
 2018   140   4.473  95    5   20   0.048 
 2018   141   4.476  92    5   21   0.045 
 2018   142   4.461  83    5   22   0.058 
 2018   143   4.473  63    5   23   0.091 
 2018   144   4.449  87    5   24   0.090 
 2018   145   4.444  87    5   25   0.079 
 2018   146   4.449  85    5   26   0.075 
 2018   147   4.464  77    5   27   0.074 
 2018   148   4.470  69    5   28   0.071 
 2018   149   4.458  74    5   29   0.072 
 2018   150   4.471  76    5   30   0.074 
 2018   151   4.470  73    5   31   0.079 
 2018   152   4.458  73    6    1   0.075 
 2018   153   4.474  79    6    2   0.059 
 2018   154   4.460  85    6    3   0.063 
 2018   155   4.458  83    6    4   0.062 
 2018   156   4.456  70    6    5   0.067 
 2018   157   4.487  78    6    6   0.063 
 2018   158   4.483  74    6    7   0.061 
 2018   159   4.488  76    6    8   0.059 
 2018   160   4.477  79    6    9   0.066 
 2018   161   4.481  84    6   10   0.082 
 2018   162   4.481  80    6   11   0.087 
 2018   163   4.487  80    6   12   0.087 
 2018   164   4.489  82    6   13   0.088 
 2018   165   4.484  87    6   14   0.089 
 2018   166   4.496  84    6   15   0.080 
 2018   167   4.486  81    6   16   0.083 
 2018   168   4.481  79    6   17   0.096 
 2018   169   4.479  86    6   18   0.088 
 2018   170   4.473  81    6   19   0.087 
 2018   171   4.477  86    6   20   0.092 
 2018   172   4.471  84    6   21   0.084 
 2018   173   4.470  84    6   22   0.087 
 2018   174   4.471  87    6   23   0.088 
 2018   175   4.471  88    6   24   0.087 
 2018   176   4.461  87    6   25   0.084 
 2018   177   4.471  86    6   26   0.091 
 2018   178   4.477  86    6   27   0.086 
 2018   179   4.473  89    6   28   0.077 
 2018   180   4.475  90    6   29   0.081 
 2018   181   4.474  87    6   30   0.079 
 2018   182   4.456  87    7    1   0.085 
 2018   183   4.471  53    7    2   0.080 
 2018   184   4.455  62    7    3   0.101 
 2018   185   4.389  49    7    4   0.094 
 2018   189   4.354  49    7    8   0.093 
 2018   190   4.485  50    7    9   0.098 
 2018   191   4.441  49    7   10   0.075 
 2018   192   4.453  51    7   11   0.097 
 2018   193   4.442  51    7   12   0.102 
 2018   194   4.447  48    7   13   0.097 
 2018   195   4.418  51    7   14   0.089 
 2018   198   4.409  61    7   17   0.110 
 2018   199   4.382  68    7   18   0.116 
 2018   200   4.432  58    7   19   0.100 
 2018   201   4.418  63    7   20   0.096 
 2018   202   4.420  48    7   21   0.093 
 2018   203   4.406  51    7   22   0.114 
 2018   204   4.386  59    7   23   0.093 
 2018   205   4.412  57    7   24   0.093 
 2018   206   4.415  48    7   25   0.110 
 2018   207   4.453  56    7   26   0.094 
 2018   208   4.417  48    7   27   0.106 
 2018   209   4.421  58    7   28   0.113 
 2018   210   4.393  66    7   29   0.113 
 2018   211   4.428  54    7   30   0.104 
 2018   212   4.347  50    7   31   0.131 
 2018   213   4.372  56    8    1   0.125 
 2018   214   4.384  50    8    2   0.125 
 2018   215   4.381  48    8    3   0.121 
 2018   216   4.385  52    8    4   0.132 
 2018   217   4.332  46    8    5   0.129 
 2018   218   4.335  50    8    6   0.116 
 2018   219   4.364  57    8    7   0.123 
 2018   220   4.360  67    8    8   0.101 
 2018   221   4.350  69    8    9   0.086 
 2018   222   4.328  64    8   10   0.085 
 2018   223   4.351  69    8   11   0.091 
 2018   224   4.333  68    8   12   0.098 
 2018   225   4.350  69    8   13   0.109 
 2018   226   4.235  75    8   14   0.100 
 2018   227   4.231  76    8   15   0.082 
 2018   228   4.234  71    8   16   0.083 
 2018   229   4.239  76    8   17   0.085 
 2018   230   4.240  77    8   18   0.086 
 2018   231   4.241  73    8   19   0.082 
 2018   232   4.242  75    8   20   0.087 
 2018   233   4.239  76    8   21   0.083 
 2018   234   4.239  77    8   22   0.084 
 2018   235   4.247  77    8   23   0.087 
 2018   236   4.256  77    8   24   0.095 
 2018   237   4.253  79    8   25   0.098 
 2018   238   4.248  81    8   26   0.090 
 2018   239   4.244  77    8   27   0.086 
 2018   240   4.249  77    8   28   0.087 
 2018   241   4.251  75    8   29   0.093 
 2018   242   4.253  79    8   30   0.097 
 2018   243   4.251  82    8   31   0.086 
 2018   244   4.247  79    9    1   0.078 
 2018   245   4.239  80    9    2   0.069 
 2018   246   4.260  82    9    3   0.087 
 2018   247   4.259  86    9    4   0.085 
 2018   248   4.253  84    9    5   0.082 
 2018   249   4.238  75    9    6   0.091 
 2018   250   4.247  76    9    7   0.097 
 2018   251   4.259  81    9    8   0.091 
 2018   252   4.256  82    9    9   0.088 
 2018   253   4.248  82    9   10   0.093 
 2018   254   4.247  80    9   11   0.091 
 2018   255   4.249  79    9   12   0.090 
 2018   256   4.246  78    9   13   0.090 
 2018   257   4.250  82    9   14   0.093 
 2018   258   4.249  80    9   15   0.092 
 2018   259   4.249  79    9   16   0.088 
 2018   260   4.245  78    9   17   0.091 
 2018   261   4.246  81    9   18   0.087 
 2018   262   4.241  79    9   19   0.082 
 2018   263   4.247  82    9   20   0.084 
 2018   264   4.240  78    9   21   0.083 
 2018   265   4.242  85    9   22   0.081 
 2018   266   4.247  84    9   23   0.083 
 2018   267   4.224  87    9   24   0.060 
 2018   268   4.212  88    9   25   0.061 
 2018   269   4.201  89    9   26   0.059 
 2018   270   4.204  86    9   27   0.044 
 2018   271   4.205  90    9   28   0.045 
 2018   272   4.212  74    9   29   0.060 
 2018   273   4.200  69    9   30   0.088 
 2018   274   4.171  73   10    1   0.086 
 2018   275   4.166  79   10    2   0.084 
 2018   276   4.131  82   10    3   0.082 
 2018   277   4.115  80   10    4   0.081 
 2018   278   4.093  92   10    5   0.053 
 2018   279   4.125  79   10    6   0.087 
 2018   280   4.161  62   10    7   0.091 
 2018   281   4.183  58   10    8   0.092 
 2018   282   4.149  66   10    9   0.095 
 2018   283   4.139  84   10   10   0.112 
 2018   284   4.135  85   10   11   0.107 
 2018   285   4.035  78   10   12   0.093 
 2018   286   4.012  71   10   13   0.119 
 2018   287   4.005  84   10   14   0.129 
 2018   288   3.993  83   10   15   0.134 
 2018   289   4.039  85   10   16   0.089 
 2018   290   4.025  87   10   17   0.077 
 2018   291   3.993  85   10   18   0.077 
 2018   292   3.999  87   10   19   0.072 
 2018   293   3.991  90   10   20   0.070 
 2018   294   3.990  91   10   21   0.070 
 2018   295   3.990  88   10   22   0.067 
 2018   296   3.993  90   10   23   0.065 
 2018   297   4.002  89   10   24   0.063 
 2018   298   4.022  88   10   25   0.063 
 2018   299   4.006  91   10   26   0.067 
 2018   300   3.989  93   10   27   0.083 
 2018   301   3.919  94   10   28   0.094 
 2018   302   3.931  95   10   29   0.070 
 2018   303   3.939  91   10   30   0.070 
 2018   304   3.944  93   10   31   0.076 
 2018   305   3.944  94   11    1   0.074 
 2018   306   3.943  93   11    2   0.079 
 2018   307   3.941  92   11    3   0.069 
 2018   308   3.949  91   11    4   0.074 
 2018   309   3.945  89   11    5   0.070 
 2018   310   3.946  89   11    6   0.068 
 2018   311   3.948  88   11    7   0.070 
 2018   312   3.946  85   11    8   0.065 
 2018   313   3.902  75   11    9   0.087 
 2018   314   3.905  92   11   10   0.051 
 2018   315   3.907  91   11   11   0.052 
 2018   316   3.899  89   11   12   0.058 
 2018   317   3.880  92   11   13   0.050 
 2018   318   3.876  95   11   14   0.056 
 2018   319   3.867  94   11   15   0.047 
 2018   320   3.868  94   11   16   0.049 
 2018   321   3.873  91   11   17   0.047 
 2018   322   3.878  99   11   18   0.056 
 2018   323   3.891  92   11   19   0.067 
 2018   324   3.891  93   11   20   0.068 
 2018   325   3.897  94   11   21   0.069 
 2018   326   3.894  96   11   22   0.071 
 2018   327   3.903  96   11   23   0.076 
 2018   328   3.908  96   11   24   0.071 
 2018   329   3.915  95   11   25   0.070 
 2018   330   3.920  93   11   26   0.068 
 2018   331   3.918  93   11   27   0.063 
 2018   332   3.920  94   11   28   0.062 
 2018   333   3.922  97   11   29   0.059 
 2018   334   3.915  89   11   30   0.069 
 2018   335   3.922  94   12    1   0.078 
 2018   336   3.913  99   12    2   0.081 
 2018   337   3.905  98   12    3   0.071 
 2018   338   3.909  96   12    4   0.061 
 2018   339   3.911  94   12    5   0.061 
 2018   340   3.910  96   12    6   0.060 
 2018   341   3.911  94   12    7   0.064 
 2018   342   3.910  94   12    8   0.063 
 2018   343   3.913  99   12    9   0.064 
 2018   344   3.915  98   12   10   0.063 
 2018   345   3.916  89   12   11   0.061 
 2018   346   3.917  91   12   12   0.059 
 2018   347   3.917  97   12   13   0.061 
 2018   348   3.921  91   12   14   0.060 
 2018   349   3.925  92   12   15   0.062 
 2018   350   3.929  92   12   16   0.061 
 2018   351   3.935  91   12   17   0.068 
 2018   352   3.903  90   12   18   0.083 
 2018   353   3.903  91   12   19   0.086 
 2018   354   3.909  90   12   20   0.083 
 2018   355   3.914  88   12   21   0.084 
 2018   356   3.912  90   12   22   0.082 
 2018   357   3.911  90   12   23   0.084 
 2018   358   3.908  91   12   24   0.072 
 2018   359   3.910  94   12   25   0.067 
 2018   360   3.918  94   12   26   0.072 
 2018   361   3.910  92   12   27   0.065 
 2018   362   3.918  95   12   28   0.067 
 2018   363   3.914  95   12   29   0.063 
 2018   364   3.920  98   12   30   0.068 
 2018   365   3.915  96   12   31   0.064 
